01:43:18 ->GaborKenel|变量变更 ―>

[array([[ 0.00235158, -0.00493959, -0.09945135,  0.2508516 , -0.09945135,
        -0.00493959,  0.00235158],
       [ 0.00439332, -0.00922837, -0.18579958,  0.46865252, -0.18579958,
        -0.00922837,  0.00439332],
       [ 0.00639225, -0.0134272 , -0.27033678,  0.68188536, -0.27033678,
        -0.0134272 ,  0.00639225],
       [ 0.00724336, -0.01521501, -0.30633172,  0.77267736, -0.30633172,
        -0.01521501,  0.00724336],
       [ 0.00639225, -0.0134272 , -0.27033678,  0.68188536, -0.27033678,
        -0.0134272 ,  0.00639225],
       [ 0.00439332, -0.00922837, -0.18579958,  0.46865252, -0.18579958,
        -0.00922837,  0.00439332],
       [ 0.00235158, -0.00493959, -0.09945135,  0.2508516 , -0.09945135,
        -0.00493959,  0.00235158]], dtype=float32), array([[-3.1847510e-05,  9.2931365e-04, -1.9520652e-03, -3.9301939e-02,
         9.9133447e-02, -3.9301939e-02, -1.9520652e-03,  9.2931365e-04,
        -3.1847510e-05],
       [-7.6398195e-05,  2.2293075e-03, -4.6827612e-03, -9.4280452e-02,
         2.3780878e-01, -9.4280452e-02, -4.6827612e-03,  2.2293075e-03,
        -7.6398195e-05],
       [-1.4273064e-04,  4.1648946e-03, -8.7485500e-03, -1.7613907e-01,
         4.4428527e-01, -1.7613907e-01, -8.7485500e-03,  4.1648946e-03,
        -1.4273064e-04],
       [-2.0767184e-04,  6.0598860e-03, -1.2729065e-02, -2.5628084e-01,
         6.4643127e-01, -2.5628084e-01, -1.2729065e-02,  6.0598860e-03,
        -2.0767184e-04],
       [-2.3532302e-04,  6.8667508e-03, -1.4423920e-02, -2.9040423e-01,
         7.3250258e-01, -2.9040423e-01, -1.4423920e-02,  6.8667508e-03,
        -2.3532302e-04],
       [-2.0767184e-04,  6.0598860e-03, -1.2729065e-02, -2.5628084e-01,
         6.4643127e-01, -2.5628084e-01, -1.2729065e-02,  6.0598860e-03,
        -2.0767184e-04],
       [-1.4273064e-04,  4.1648946e-03, -8.7485500e-03, -1.7613907e-01,
         4.4428527e-01, -1.7613907e-01, -8.7485500e-03,  4.1648946e-03,
        -1.4273064e-04],
       [-7.6398195e-05,  2.2293075e-03, -4.6827612e-03, -9.4280452e-02,
         2.3780878e-01, -9.4280452e-02, -4.6827612e-03,  2.2293075e-03,
        -7.6398195e-05],
       [-3.1847510e-05,  9.2931365e-04, -1.9520652e-03, -3.9301939e-02,
         9.9133447e-02, -3.9301939e-02, -1.9520652e-03,  9.2931365e-04,
        -3.1847510e-05]], dtype=float32), array([[ 4.80812403e-08, -1.01569767e-05,  2.96381651e-04,
        -6.22563006e-04, -1.25343837e-02,  3.16161662e-02,
        -1.25343837e-02, -6.22563006e-04,  2.96381651e-04,
        -1.01569767e-05,  4.80812403e-08],
       [ 1.48100654e-07, -3.12856901e-05,  9.12919757e-04,
        -1.91762904e-03, -3.86086181e-02,  9.73846465e-02,
        -3.86086181e-02, -1.91762904e-03,  9.12919757e-04,
        -3.12856901e-05,  1.48100654e-07],
       [ 3.55274977e-07, -7.50504696e-05,  2.18998059e-03,
        -4.60015330e-03, -9.26172659e-02,  2.33613610e-01,
        -9.26172659e-02, -4.60015330e-03,  2.18998059e-03,
        -7.50504696e-05,  3.55274977e-07],
       [ 6.63741048e-07, -1.40212738e-04,  4.09142254e-03,
        -8.59421771e-03, -1.73031822e-01,  4.36447710e-01,
        -1.73031822e-01, -8.59421771e-03,  4.09142254e-03,
        -1.40212738e-04,  6.63741048e-07],
       [ 9.65737513e-07, -2.04008335e-04,  5.95298456e-03,
        -1.25045124e-02, -2.51759827e-01,  6.35027647e-01,
        -2.51759827e-01, -1.25045124e-02,  5.95298456e-03,
        -2.04008335e-04,  9.65737513e-07],
       [ 1.09432403e-06, -2.31171725e-04,  6.74561551e-03,
        -1.41694695e-02, -2.85281241e-01,  7.19580591e-01,
        -2.85281241e-01, -1.41694695e-02,  6.74561551e-03,
        -2.31171725e-04,  1.09432403e-06],
       [ 9.65737513e-07, -2.04008335e-04,  5.95298456e-03,
        -1.25045124e-02, -2.51759827e-01,  6.35027647e-01,
        -2.51759827e-01, -1.25045124e-02,  5.95298456e-03,
        -2.04008335e-04,  9.65737513e-07],
       [ 6.63741048e-07, -1.40212738e-04,  4.09142254e-03,
        -8.59421771e-03, -1.73031822e-01,  4.36447710e-01,
        -1.73031822e-01, -8.59421771e-03,  4.09142254e-03,
        -1.40212738e-04,  6.63741048e-07],
       [ 3.55274977e-07, -7.50504696e-05,  2.18998059e-03,
        -4.60015330e-03, -9.26172659e-02,  2.33613610e-01,
        -9.26172659e-02, -4.60015330e-03,  2.18998059e-03,
        -7.50504696e-05,  3.55274977e-07],
       [ 1.48100654e-07, -3.12856901e-05,  9.12919757e-04,
        -1.91762904e-03, -3.86086181e-02,  9.73846465e-02,
        -3.86086181e-02, -1.91762904e-03,  9.12919757e-04,
        -3.12856901e-05,  1.48100654e-07],
       [ 4.80812403e-08, -1.01569767e-05,  2.96381651e-04,
        -6.22563006e-04, -1.25343837e-02,  3.16161662e-02,
        -1.25343837e-02, -6.22563006e-04,  2.96381651e-04,
        -1.01569767e-05,  4.80812403e-08]], dtype=float32), array([[ 5.14128774e-11,  1.21029125e-08, -2.55669352e-06,
         7.46045844e-05, -1.56710303e-04, -3.15512950e-03,
         7.95835722e-03, -3.15512950e-03, -1.56710303e-04,
         7.46045844e-05, -2.55669352e-06,  1.21029125e-08,
         5.14128774e-11],
       [ 2.03341871e-10,  4.78679461e-08, -1.01119194e-05,
         2.95066857e-04, -6.19801227e-04, -1.24787791e-02,
         3.14759128e-02, -1.24787791e-02, -6.19801227e-04,
         2.95066857e-04, -1.01119194e-05,  4.78679461e-08,
         2.03341871e-10],
       [ 6.26337038e-10,  1.47443657e-07, -3.11469048e-05,
         9.08869959e-04, -1.90912222e-03, -3.84373479e-02,
         9.69526321e-02, -3.84373479e-02, -1.90912222e-03,
         9.08869959e-04, -3.11469048e-05,  1.47443657e-07,
         6.26337038e-10],
       [ 1.50250445e-09,  3.53698937e-07, -7.47175363e-05,
         2.18026550e-03, -4.57974616e-03, -9.22064036e-02,
         2.32577279e-01, -9.22064036e-02, -4.57974616e-03,
         2.18026550e-03, -7.47175363e-05,  3.53698937e-07,
         1.50250445e-09],
       [ 2.80704815e-09,  6.60796616e-07, -1.39590746e-04,
         4.07327246e-03, -8.55609216e-03, -1.72264233e-01,
         4.34511572e-01, -1.72264233e-01, -8.55609216e-03,
         4.07327246e-03, -1.39590746e-04,  6.60796616e-07,
         2.80704815e-09],
       [ 4.08423073e-09,  9.61453452e-07, -2.03103322e-04,
         5.92657644e-03, -1.24490410e-02, -2.50642985e-01,
         6.32210612e-01, -2.50642985e-01, -1.24490410e-02,
         5.92657644e-03, -2.03103322e-04,  9.61453452e-07,
         4.08423073e-09],
       [ 4.62803973e-09,  1.08946949e-06, -2.30146223e-04,
         6.71569118e-03, -1.41066117e-02, -2.84015715e-01,
         7.16388464e-01, -2.84015715e-01, -1.41066117e-02,
         6.71569118e-03, -2.30146223e-04,  1.08946949e-06,
         4.62803973e-09],
       [ 4.08423073e-09,  9.61453452e-07, -2.03103322e-04,
         5.92657644e-03, -1.24490410e-02, -2.50642985e-01,
         6.32210612e-01, -2.50642985e-01, -1.24490410e-02,
         5.92657644e-03, -2.03103322e-04,  9.61453452e-07,
         4.08423073e-09],
       [ 2.80704815e-09,  6.60796616e-07, -1.39590746e-04,
         4.07327246e-03, -8.55609216e-03, -1.72264233e-01,
         4.34511572e-01, -1.72264233e-01, -8.55609216e-03,
         4.07327246e-03, -1.39590746e-04,  6.60796616e-07,
         2.80704815e-09],
       [ 1.50250445e-09,  3.53698937e-07, -7.47175363e-05,
         2.18026550e-03, -4.57974616e-03, -9.22064036e-02,
         2.32577279e-01, -9.22064036e-02, -4.57974616e-03,
         2.18026550e-03, -7.47175363e-05,  3.53698937e-07,
         1.50250445e-09],
       [ 6.26337038e-10,  1.47443657e-07, -3.11469048e-05,
         9.08869959e-04, -1.90912222e-03, -3.84373479e-02,
         9.69526321e-02, -3.84373479e-02, -1.90912222e-03,
         9.08869959e-04, -3.11469048e-05,  1.47443657e-07,
         6.26337038e-10],
       [ 2.03341871e-10,  4.78679461e-08, -1.01119194e-05,
         2.95066857e-04, -6.19801227e-04, -1.24787791e-02,
         3.14759128e-02, -1.24787791e-02, -6.19801227e-04,
         2.95066857e-04, -1.01119194e-05,  4.78679461e-08,
         2.03341871e-10],
       [ 5.14128774e-11,  1.21029125e-08, -2.55669352e-06,
         7.46045844e-05, -1.56710303e-04, -3.15512950e-03,
         7.95835722e-03, -3.15512950e-03, -1.56710303e-04,
         7.46045844e-05, -2.55669352e-06,  1.21029125e-08,
         5.14128774e-11]], dtype=float32), array([[-3.4510352e-14,  1.0114960e-11,  2.3811249e-09, -5.0300343e-07,
         1.4677695e-05, -3.0831157e-05, -6.2073965e-04,  1.5657258e-03,
        -6.2073965e-04, -3.0831157e-05,  1.4677695e-05, -5.0300343e-07,
         2.3811249e-09,  1.0114960e-11, -3.4510352e-14],
       [-1.7525804e-13,  5.1368011e-11,  1.2092350e-08, -2.5544623e-06,
         7.4539479e-05, -1.5657354e-04, -3.1523760e-03,  7.9514114e-03,
        -3.1523760e-03, -1.5657354e-04,  7.4539479e-05, -2.5544623e-06,
         1.2092350e-08,  5.1368011e-11, -1.7525804e-13],
       [-6.9315902e-13,  2.0316442e-10,  4.7826173e-08, -1.0103095e-05,
         2.9480938e-04, -6.1926036e-04, -1.2467889e-02,  3.1448442e-02,
        -1.2467889e-02, -6.1926036e-04,  2.9480938e-04, -1.0103095e-05,
         4.7826173e-08,  2.0316442e-10, -6.9315902e-13],
       [-2.1350801e-12,  6.2579042e-10,  1.4731499e-07, -3.1119722e-05,
         9.0807676e-04, -1.9074561e-03, -3.8403802e-02,  9.6868023e-02,
        -3.8403802e-02, -1.9074561e-03,  9.0807676e-04, -3.1119722e-05,
         1.4731499e-07,  6.2579042e-10, -2.1350801e-12],
       [-5.1217901e-12,  1.5011933e-09,  3.5339025e-07, -7.4652329e-05,
         2.1783628e-03, -4.5757494e-03, -9.2125930e-02,  2.3237431e-01,
        -9.2125930e-02, -4.5757494e-03,  2.1783628e-03, -7.4652329e-05,
         3.5339025e-07,  1.5011933e-09, -5.1217901e-12],
       [-9.5687642e-12,  2.8045983e-09,  6.6021994e-07, -1.3946892e-04,
         4.0697176e-03, -8.5486257e-03, -1.7211390e-01,  4.3413237e-01,
        -1.7211390e-01, -8.5486257e-03,  4.0697176e-03, -1.3946892e-04,
         6.6021994e-07,  2.8045983e-09, -9.5687642e-12],
       [-1.3922470e-11,  4.0806660e-09,  9.6061433e-07, -2.0292608e-04,
         5.9214039e-03, -1.2438177e-02, -2.5042424e-01,  6.3165885e-01,
        -2.5042424e-01, -1.2438177e-02,  5.9214039e-03, -2.0292608e-04,
         9.6061433e-07,  4.0806660e-09, -1.3922470e-11],
       [-1.5776226e-11,  4.6240007e-09,  1.0885186e-06, -2.2994536e-04,
         6.7098304e-03, -1.4094301e-02, -2.8376785e-01,  7.1576327e-01,
        -2.8376785e-01, -1.4094301e-02,  6.7098304e-03, -2.2994536e-04,
         1.0885186e-06,  4.6240007e-09, -1.5776226e-11],
       [-1.3922470e-11,  4.0806660e-09,  9.6061433e-07, -2.0292608e-04,
         5.9214039e-03, -1.2438177e-02, -2.5042424e-01,  6.3165885e-01,
        -2.5042424e-01, -1.2438177e-02,  5.9214039e-03, -2.0292608e-04,
         9.6061433e-07,  4.0806660e-09, -1.3922470e-11],
       [-9.5687642e-12,  2.8045983e-09,  6.6021994e-07, -1.3946892e-04,
         4.0697176e-03, -8.5486257e-03, -1.7211390e-01,  4.3413237e-01,
        -1.7211390e-01, -8.5486257e-03,  4.0697176e-03, -1.3946892e-04,
         6.6021994e-07,  2.8045983e-09, -9.5687642e-12],
       [-5.1217901e-12,  1.5011933e-09,  3.5339025e-07, -7.4652329e-05,
         2.1783628e-03, -4.5757494e-03, -9.2125930e-02,  2.3237431e-01,
        -9.2125930e-02, -4.5757494e-03,  2.1783628e-03, -7.4652329e-05,
         3.5339025e-07,  1.5011933e-09, -5.1217901e-12],
       [-2.1350801e-12,  6.2579042e-10,  1.4731499e-07, -3.1119722e-05,
         9.0807676e-04, -1.9074561e-03, -3.8403802e-02,  9.6868023e-02,
        -3.8403802e-02, -1.9074561e-03,  9.0807676e-04, -3.1119722e-05,
         1.4731499e-07,  6.2579042e-10, -2.1350801e-12],
       [-6.9315902e-13,  2.0316442e-10,  4.7826173e-08, -1.0103095e-05,
         2.9480938e-04, -6.1926036e-04, -1.2467889e-02,  3.1448442e-02,
        -1.2467889e-02, -6.1926036e-04,  2.9480938e-04, -1.0103095e-05,
         4.7826173e-08,  2.0316442e-10, -6.9315902e-13],
       [-1.7525804e-13,  5.1368011e-11,  1.2092350e-08, -2.5544623e-06,
         7.4539479e-05, -1.5657354e-04, -3.1523760e-03,  7.9514114e-03,
        -3.1523760e-03, -1.5657354e-04,  7.4539479e-05, -2.5544623e-06,
         1.2092350e-08,  5.1368011e-11, -1.7525804e-13],
       [-3.4510352e-14,  1.0114960e-11,  2.3811249e-09, -5.0300343e-07,
         1.4677695e-05, -3.0831157e-05, -6.2073965e-04,  1.5657258e-03,
        -6.2073965e-04, -3.0831157e-05,  1.4677695e-05, -5.0300343e-07,
         2.3811249e-09,  1.0114960e-11, -3.4510352e-14]], dtype=float32), array([[ 2.5363800e-18, -5.2916249e-15,  1.5509717e-12,  3.6510842e-10,
        -7.7127744e-08,  2.2505958e-06, -4.7274780e-06, -9.5180760e-05,
         2.4007967e-04, -9.5180760e-05, -4.7274780e-06,  2.2505958e-06,
        -7.7127744e-08,  3.6510842e-10,  1.5509717e-12, -5.2916249e-15,
         2.5363800e-18],
       [ 1.6539275e-17, -3.4505730e-14,  1.0113605e-11,  2.3808060e-09,
        -5.0293608e-07,  1.4675728e-05, -3.0827028e-05, -6.2065653e-04,
         1.5655161e-03, -6.2065653e-04, -3.0827028e-05,  1.4675728e-05,
        -5.0293608e-07,  2.3808060e-09,  1.0113605e-11, -3.4505730e-14,
         1.6539275e-17],
       [ 8.3993369e-17, -1.7523457e-13,  5.1361131e-11,  1.2090731e-08,
        -2.5541201e-06,  7.4529496e-05, -1.5655257e-04, -3.1519539e-03,
         7.9503460e-03, -3.1519539e-03, -1.5655257e-04,  7.4529496e-05,
        -2.5541201e-06,  1.2090731e-08,  5.1361131e-11, -1.7523457e-13,
         8.3993369e-17],
       [ 3.3220023e-16, -6.9306616e-13,  2.0313720e-10,  4.7819768e-08,
        -1.0101741e-05,  2.9476988e-04, -6.1917742e-04, -1.2466219e-02,
         3.1444233e-02, -1.2466219e-02, -6.1917742e-04,  2.9476988e-04,
        -1.0101741e-05,  4.7819768e-08,  2.0313720e-10, -6.9306616e-13,
         3.3220023e-16],
       [ 1.0232486e-15, -2.1347941e-12,  6.2570660e-10,  1.4729525e-07,
        -3.1115553e-05,  9.0795511e-04, -1.9072007e-03, -3.8398657e-02,
         9.6855044e-02, -3.8398657e-02, -1.9072007e-03,  9.0795511e-04,
        -3.1115553e-05,  1.4729525e-07,  6.2570660e-10, -2.1347941e-12,
         1.0232486e-15],
       [ 2.4546460e-15, -5.1211045e-12,  1.5009922e-09,  3.5334293e-07,
        -7.4642332e-05,  2.1780711e-03, -4.5751366e-03, -9.2113592e-02,
         2.3234318e-01, -9.2113592e-02, -4.5751366e-03,  2.1780711e-03,
        -7.4642332e-05,  3.5334293e-07,  1.5009922e-09, -5.1211045e-12,
         2.4546460e-15],
       [ 4.5858821e-15, -9.5674822e-12,  2.8042226e-09,  6.6013149e-07,
        -1.3945023e-04,  4.0691723e-03, -8.5474802e-03, -1.7209084e-01,
         4.3407422e-01, -1.7209084e-01, -8.5474802e-03,  4.0691723e-03,
        -1.3945023e-04,  6.6013149e-07,  2.8042226e-09, -9.5674822e-12,
         4.5858821e-15],
       [ 6.6724195e-15, -1.3920605e-11,  4.0801198e-09,  9.6048575e-07,
        -2.0289890e-04,  5.9206109e-03, -1.2436511e-02, -2.5039071e-01,
         6.3157427e-01, -2.5039071e-01, -1.2436511e-02,  5.9206109e-03,
        -2.0289890e-04,  9.6048575e-07,  4.0801198e-09, -1.3920605e-11,
         6.6724195e-15],
       [ 7.5608422e-15, -1.5774113e-11,  4.6233812e-09,  1.0883729e-06,
        -2.2991457e-04,  6.7089316e-03, -1.4092413e-02, -2.8372985e-01,
         7.1566737e-01, -2.8372985e-01, -1.4092413e-02,  6.7089316e-03,
        -2.2991457e-04,  1.0883729e-06,  4.6233812e-09, -1.5774113e-11,
         7.5608422e-15],
       [ 6.6724195e-15, -1.3920605e-11,  4.0801198e-09,  9.6048575e-07,
        -2.0289890e-04,  5.9206109e-03, -1.2436511e-02, -2.5039071e-01,
         6.3157427e-01, -2.5039071e-01, -1.2436511e-02,  5.9206109e-03,
        -2.0289890e-04,  9.6048575e-07,  4.0801198e-09, -1.3920605e-11,
         6.6724195e-15],
       [ 4.5858821e-15, -9.5674822e-12,  2.8042226e-09,  6.6013149e-07,
        -1.3945023e-04,  4.0691723e-03, -8.5474802e-03, -1.7209084e-01,
         4.3407422e-01, -1.7209084e-01, -8.5474802e-03,  4.0691723e-03,
        -1.3945023e-04,  6.6013149e-07,  2.8042226e-09, -9.5674822e-12,
         4.5858821e-15],
       [ 2.4546460e-15, -5.1211045e-12,  1.5009922e-09,  3.5334293e-07,
        -7.4642332e-05,  2.1780711e-03, -4.5751366e-03, -9.2113592e-02,
         2.3234318e-01, -9.2113592e-02, -4.5751366e-03,  2.1780711e-03,
        -7.4642332e-05,  3.5334293e-07,  1.5009922e-09, -5.1211045e-12,
         2.4546460e-15],
       [ 1.0232486e-15, -2.1347941e-12,  6.2570660e-10,  1.4729525e-07,
        -3.1115553e-05,  9.0795511e-04, -1.9072007e-03, -3.8398657e-02,
         9.6855044e-02, -3.8398657e-02, -1.9072007e-03,  9.0795511e-04,
        -3.1115553e-05,  1.4729525e-07,  6.2570660e-10, -2.1347941e-12,
         1.0232486e-15],
       [ 3.3220023e-16, -6.9306616e-13,  2.0313720e-10,  4.7819768e-08,
        -1.0101741e-05,  2.9476988e-04, -6.1917742e-04, -1.2466219e-02,
         3.1444233e-02, -1.2466219e-02, -6.1917742e-04,  2.9476988e-04,
        -1.0101741e-05,  4.7819768e-08,  2.0313720e-10, -6.9306616e-13,
         3.3220023e-16],
       [ 8.3993369e-17, -1.7523457e-13,  5.1361131e-11,  1.2090731e-08,
        -2.5541201e-06,  7.4529496e-05, -1.5655257e-04, -3.1519539e-03,
         7.9503460e-03, -3.1519539e-03, -1.5655257e-04,  7.4529496e-05,
        -2.5541201e-06,  1.2090731e-08,  5.1361131e-11, -1.7523457e-13,
         8.3993369e-17],
       [ 1.6539275e-17, -3.4505730e-14,  1.0113605e-11,  2.3808060e-09,
        -5.0293608e-07,  1.4675728e-05, -3.0827028e-05, -6.2065653e-04,
         1.5655161e-03, -6.2065653e-04, -3.0827028e-05,  1.4675728e-05,
        -5.0293608e-07,  2.3808060e-09,  1.0113605e-11, -3.4505730e-14,
         1.6539275e-17],
       [ 2.5363800e-18, -5.2916249e-15,  1.5509717e-12,  3.6510842e-10,
        -7.7127744e-08,  2.2505958e-06, -4.7274780e-06, -9.5180760e-05,
         2.4007967e-04, -9.5180760e-05, -4.7274780e-06,  2.2505958e-06,
        -7.7127744e-08,  3.6510842e-10,  1.5509717e-12, -5.2916249e-15,
         2.5363800e-18]], dtype=float32), array([[ 0.00235158,  0.00439332,  0.00639225,  0.00724336,  0.00639225,
         0.00439332,  0.00235158],
       [-0.00493959, -0.00922837, -0.0134272 , -0.01521501, -0.0134272 ,
        -0.00922837, -0.00493959],
       [-0.09945134, -0.18579957, -0.27033675, -0.3063317 , -0.27033675,
        -0.18579957, -0.09945134],
       [ 0.25085157,  0.46865246,  0.6818853 ,  0.7726773 ,  0.6818853 ,
         0.46865246,  0.25085157],
       [-0.09945134, -0.18579957, -0.27033675, -0.3063317 , -0.27033675,
        -0.18579957, -0.09945134],
       [-0.00493959, -0.00922837, -0.0134272 , -0.01521501, -0.0134272 ,
        -0.00922837, -0.00493959],
       [ 0.00235158,  0.00439332,  0.00639225,  0.00724336,  0.00639225,
         0.00439332,  0.00235158]], dtype=float32), array([[-3.1847507e-05, -7.6398195e-05, -1.4273063e-04, -2.0767182e-04,
        -2.3532301e-04, -2.0767182e-04, -1.4273063e-04, -7.6398195e-05,
        -3.1847507e-05],
       [ 9.2931360e-04,  2.2293073e-03,  4.1648946e-03,  6.0598855e-03,
         6.8667503e-03,  6.0598855e-03,  4.1648946e-03,  2.2293073e-03,
         9.2931360e-04],
       [-1.9520650e-03, -4.6827607e-03, -8.7485490e-03, -1.2729064e-02,
        -1.4423919e-02, -1.2729064e-02, -8.7485490e-03, -4.6827607e-03,
        -1.9520650e-03],
       [-3.9301936e-02, -9.4280444e-02, -1.7613906e-01, -2.5628081e-01,
        -2.9040423e-01, -2.5628081e-01, -1.7613906e-01, -9.4280444e-02,
        -3.9301936e-02],
       [ 9.9133439e-02,  2.3780875e-01,  4.4428524e-01,  6.4643121e-01,
         7.3250252e-01,  6.4643121e-01,  4.4428524e-01,  2.3780875e-01,
         9.9133439e-02],
       [-3.9301936e-02, -9.4280444e-02, -1.7613906e-01, -2.5628081e-01,
        -2.9040423e-01, -2.5628081e-01, -1.7613906e-01, -9.4280444e-02,
        -3.9301936e-02],
       [-1.9520650e-03, -4.6827607e-03, -8.7485490e-03, -1.2729064e-02,
        -1.4423919e-02, -1.2729064e-02, -8.7485490e-03, -4.6827607e-03,
        -1.9520650e-03],
       [ 9.2931360e-04,  2.2293073e-03,  4.1648946e-03,  6.0598855e-03,
         6.8667503e-03,  6.0598855e-03,  4.1648946e-03,  2.2293073e-03,
         9.2931360e-04],
       [-3.1847507e-05, -7.6398195e-05, -1.4273063e-04, -2.0767182e-04,
        -2.3532301e-04, -2.0767182e-04, -1.4273063e-04, -7.6398195e-05,
        -3.1847507e-05]], dtype=float32), array([[ 4.80812545e-08,  1.48100696e-07,  3.55275063e-07,
         6.63741218e-07,  9.65737854e-07,  1.09432426e-06,
         9.65737854e-07,  6.63741218e-07,  3.55275063e-07,
         1.48100696e-07,  4.80812545e-08],
       [-1.01569794e-05, -3.12856973e-05, -7.50504842e-05,
        -1.40212782e-04, -2.04008378e-04, -2.31171784e-04,
        -2.04008378e-04, -1.40212782e-04, -7.50504842e-05,
        -3.12856973e-05, -1.01569794e-05],
       [ 2.96381739e-04,  9.12919990e-04,  2.18998105e-03,
         4.09142347e-03,  5.95298596e-03,  6.74561691e-03,
         5.95298596e-03,  4.09142347e-03,  2.18998105e-03,
         9.12919990e-04,  2.96381739e-04],
       [-6.22563181e-04, -1.91762950e-03, -4.60015424e-03,
        -8.59421957e-03, -1.25045162e-02, -1.41694732e-02,
        -1.25045162e-02, -8.59421957e-03, -4.60015424e-03,
        -1.91762950e-03, -6.22563181e-04],
       [-1.25343865e-02, -3.86086293e-02, -9.26172882e-02,
        -1.73031867e-01, -2.51759887e-01, -2.85281330e-01,
        -2.51759887e-01, -1.73031867e-01, -9.26172882e-02,
        -3.86086293e-02, -1.25343865e-02],
       [ 3.16161737e-02,  9.73846689e-02,  2.33613670e-01,
         4.36447799e-01,  6.35027826e-01,  7.19580770e-01,
         6.35027826e-01,  4.36447799e-01,  2.33613670e-01,
         9.73846689e-02,  3.16161737e-02],
       [-1.25343865e-02, -3.86086293e-02, -9.26172882e-02,
        -1.73031867e-01, -2.51759887e-01, -2.85281330e-01,
        -2.51759887e-01, -1.73031867e-01, -9.26172882e-02,
        -3.86086293e-02, -1.25343865e-02],
       [-6.22563181e-04, -1.91762950e-03, -4.60015424e-03,
        -8.59421957e-03, -1.25045162e-02, -1.41694732e-02,
        -1.25045162e-02, -8.59421957e-03, -4.60015424e-03,
        -1.91762950e-03, -6.22563181e-04],
       [ 2.96381739e-04,  9.12919990e-04,  2.18998105e-03,
         4.09142347e-03,  5.95298596e-03,  6.74561691e-03,
         5.95298596e-03,  4.09142347e-03,  2.18998105e-03,
         9.12919990e-04,  2.96381739e-04],
       [-1.01569794e-05, -3.12856973e-05, -7.50504842e-05,
        -1.40212782e-04, -2.04008378e-04, -2.31171784e-04,
        -2.04008378e-04, -1.40212782e-04, -7.50504842e-05,
        -3.12856973e-05, -1.01569794e-05],
       [ 4.80812545e-08,  1.48100696e-07,  3.55275063e-07,
         6.63741218e-07,  9.65737854e-07,  1.09432426e-06,
         9.65737854e-07,  6.63741218e-07,  3.55275063e-07,
         1.48100696e-07,  4.80812545e-08]], dtype=float32), array([[ 5.1412870e-11,  2.0334184e-10,  6.2633693e-10,  1.5025042e-09,
         2.8070475e-09,  4.0842298e-09,  4.6280388e-09,  4.0842298e-09,
         2.8070475e-09,  1.5025042e-09,  6.2633693e-10,  2.0334184e-10,
         5.1412870e-11],
       [ 1.2102911e-08,  4.7867939e-08,  1.4744364e-07,  3.5369888e-07,
         6.6079650e-07,  9.6145322e-07,  1.0894693e-06,  9.6145322e-07,
         6.6079650e-07,  3.5369888e-07,  1.4744364e-07,  4.7867939e-08,
         1.2102911e-08],
       [-2.5566931e-06, -1.0111918e-05, -3.1146898e-05, -7.4717522e-05,
        -1.3959072e-04, -2.0310329e-04, -2.3014618e-04, -2.0310329e-04,
        -1.3959072e-04, -7.4717522e-05, -3.1146898e-05, -1.0111918e-05,
        -2.5566931e-06],
       [ 7.4604577e-05,  2.9506683e-04,  9.0886978e-04,  2.1802653e-03,
         4.0732715e-03,  5.9265750e-03,  6.7156898e-03,  5.9265750e-03,
         4.0732715e-03,  2.1802653e-03,  9.0886978e-04,  2.9506683e-04,
         7.4604577e-05],
       [-1.5671027e-04, -6.1980117e-04, -1.9091219e-03, -4.5797457e-03,
        -8.5560912e-03, -1.2449039e-02, -1.4106610e-02, -1.2449039e-02,
        -8.5560912e-03, -4.5797457e-03, -1.9091219e-03, -6.1980117e-04,
        -1.5671027e-04],
       [-3.1551290e-03, -1.2478777e-02, -3.8437340e-02, -9.2206389e-02,
        -1.7226420e-01, -2.5064293e-01, -2.8401566e-01, -2.5064293e-01,
        -1.7226420e-01, -9.2206389e-02, -3.8437340e-02, -1.2478777e-02,
        -3.1551290e-03],
       [ 7.9583554e-03,  3.1475909e-02,  9.6952617e-02,  2.3257723e-01,
         4.3451148e-01,  6.3221049e-01,  7.1638834e-01,  6.3221049e-01,
         4.3451148e-01,  2.3257723e-01,  9.6952617e-02,  3.1475909e-02,
         7.9583554e-03],
       [-3.1551290e-03, -1.2478777e-02, -3.8437340e-02, -9.2206389e-02,
        -1.7226420e-01, -2.5064293e-01, -2.8401566e-01, -2.5064293e-01,
        -1.7226420e-01, -9.2206389e-02, -3.8437340e-02, -1.2478777e-02,
        -3.1551290e-03],
       [-1.5671027e-04, -6.1980117e-04, -1.9091219e-03, -4.5797457e-03,
        -8.5560912e-03, -1.2449039e-02, -1.4106610e-02, -1.2449039e-02,
        -8.5560912e-03, -4.5797457e-03, -1.9091219e-03, -6.1980117e-04,
        -1.5671027e-04],
       [ 7.4604577e-05,  2.9506683e-04,  9.0886978e-04,  2.1802653e-03,
         4.0732715e-03,  5.9265750e-03,  6.7156898e-03,  5.9265750e-03,
         4.0732715e-03,  2.1802653e-03,  9.0886978e-04,  2.9506683e-04,
         7.4604577e-05],
       [-2.5566931e-06, -1.0111918e-05, -3.1146898e-05, -7.4717522e-05,
        -1.3959072e-04, -2.0310329e-04, -2.3014618e-04, -2.0310329e-04,
        -1.3959072e-04, -7.4717522e-05, -3.1146898e-05, -1.0111918e-05,
        -2.5566931e-06],
       [ 1.2102911e-08,  4.7867939e-08,  1.4744364e-07,  3.5369888e-07,
         6.6079650e-07,  9.6145322e-07,  1.0894693e-06,  9.6145322e-07,
         6.6079650e-07,  3.5369888e-07,  1.4744364e-07,  4.7867939e-08,
         1.2102911e-08],
       [ 5.1412870e-11,  2.0334184e-10,  6.2633693e-10,  1.5025042e-09,
         2.8070475e-09,  4.0842298e-09,  4.6280388e-09,  4.0842298e-09,
         2.8070475e-09,  1.5025042e-09,  6.2633693e-10,  2.0334184e-10,
         5.1412870e-11]], dtype=float32), array([[-3.4510352e-14, -1.7525804e-13, -6.9315902e-13, -2.1350801e-12,
        -5.1217901e-12, -9.5687642e-12, -1.3922470e-11, -1.5776226e-11,
        -1.3922470e-11, -9.5687642e-12, -5.1217901e-12, -2.1350801e-12,
        -6.9315902e-13, -1.7525804e-13, -3.4510352e-14],
       [ 1.0114960e-11,  5.1368011e-11,  2.0316442e-10,  6.2579042e-10,
         1.5011933e-09,  2.8045983e-09,  4.0806660e-09,  4.6240007e-09,
         4.0806660e-09,  2.8045983e-09,  1.5011933e-09,  6.2579042e-10,
         2.0316442e-10,  5.1368011e-11,  1.0114960e-11],
       [ 2.3811249e-09,  1.2092350e-08,  4.7826173e-08,  1.4731499e-07,
         3.5339025e-07,  6.6021994e-07,  9.6061433e-07,  1.0885186e-06,
         9.6061433e-07,  6.6021994e-07,  3.5339025e-07,  1.4731499e-07,
         4.7826173e-08,  1.2092350e-08,  2.3811249e-09],
       [-5.0300343e-07, -2.5544623e-06, -1.0103095e-05, -3.1119722e-05,
        -7.4652329e-05, -1.3946892e-04, -2.0292608e-04, -2.2994536e-04,
        -2.0292608e-04, -1.3946892e-04, -7.4652329e-05, -3.1119722e-05,
        -1.0103095e-05, -2.5544623e-06, -5.0300343e-07],
       [ 1.4677695e-05,  7.4539479e-05,  2.9480938e-04,  9.0807676e-04,
         2.1783628e-03,  4.0697176e-03,  5.9214039e-03,  6.7098304e-03,
         5.9214039e-03,  4.0697176e-03,  2.1783628e-03,  9.0807676e-04,
         2.9480938e-04,  7.4539479e-05,  1.4677695e-05],
       [-3.0831157e-05, -1.5657354e-04, -6.1926036e-04, -1.9074561e-03,
        -4.5757494e-03, -8.5486257e-03, -1.2438177e-02, -1.4094301e-02,
        -1.2438177e-02, -8.5486257e-03, -4.5757494e-03, -1.9074561e-03,
        -6.1926036e-04, -1.5657354e-04, -3.0831157e-05],
       [-6.2073965e-04, -3.1523760e-03, -1.2467889e-02, -3.8403802e-02,
        -9.2125930e-02, -1.7211390e-01, -2.5042424e-01, -2.8376785e-01,
        -2.5042424e-01, -1.7211390e-01, -9.2125930e-02, -3.8403802e-02,
        -1.2467889e-02, -3.1523760e-03, -6.2073965e-04],
       [ 1.5657258e-03,  7.9514114e-03,  3.1448442e-02,  9.6868023e-02,
         2.3237431e-01,  4.3413237e-01,  6.3165885e-01,  7.1576327e-01,
         6.3165885e-01,  4.3413237e-01,  2.3237431e-01,  9.6868023e-02,
         3.1448442e-02,  7.9514114e-03,  1.5657258e-03],
       [-6.2073965e-04, -3.1523760e-03, -1.2467889e-02, -3.8403802e-02,
        -9.2125930e-02, -1.7211390e-01, -2.5042424e-01, -2.8376785e-01,
        -2.5042424e-01, -1.7211390e-01, -9.2125930e-02, -3.8403802e-02,
        -1.2467889e-02, -3.1523760e-03, -6.2073965e-04],
       [-3.0831157e-05, -1.5657354e-04, -6.1926036e-04, -1.9074561e-03,
        -4.5757494e-03, -8.5486257e-03, -1.2438177e-02, -1.4094301e-02,
        -1.2438177e-02, -8.5486257e-03, -4.5757494e-03, -1.9074561e-03,
        -6.1926036e-04, -1.5657354e-04, -3.0831157e-05],
       [ 1.4677695e-05,  7.4539479e-05,  2.9480938e-04,  9.0807676e-04,
         2.1783628e-03,  4.0697176e-03,  5.9214039e-03,  6.7098304e-03,
         5.9214039e-03,  4.0697176e-03,  2.1783628e-03,  9.0807676e-04,
         2.9480938e-04,  7.4539479e-05,  1.4677695e-05],
       [-5.0300343e-07, -2.5544623e-06, -1.0103095e-05, -3.1119722e-05,
        -7.4652329e-05, -1.3946892e-04, -2.0292608e-04, -2.2994536e-04,
        -2.0292608e-04, -1.3946892e-04, -7.4652329e-05, -3.1119722e-05,
        -1.0103095e-05, -2.5544623e-06, -5.0300343e-07],
       [ 2.3811249e-09,  1.2092350e-08,  4.7826173e-08,  1.4731499e-07,
         3.5339025e-07,  6.6021994e-07,  9.6061433e-07,  1.0885186e-06,
         9.6061433e-07,  6.6021994e-07,  3.5339025e-07,  1.4731499e-07,
         4.7826173e-08,  1.2092350e-08,  2.3811249e-09],
       [ 1.0114960e-11,  5.1368011e-11,  2.0316442e-10,  6.2579042e-10,
         1.5011933e-09,  2.8045983e-09,  4.0806660e-09,  4.6240007e-09,
         4.0806660e-09,  2.8045983e-09,  1.5011933e-09,  6.2579042e-10,
         2.0316442e-10,  5.1368011e-11,  1.0114960e-11],
       [-3.4510352e-14, -1.7525804e-13, -6.9315902e-13, -2.1350801e-12,
        -5.1217901e-12, -9.5687642e-12, -1.3922470e-11, -1.5776226e-11,
        -1.3922470e-11, -9.5687642e-12, -5.1217901e-12, -2.1350801e-12,
        -6.9315902e-13, -1.7525804e-13, -3.4510352e-14]], dtype=float32), array([[ 2.53637957e-18,  1.65392712e-17,  8.39933554e-17,
         3.32200154e-16,  1.02324852e-15,  2.45464558e-15,
         4.58588169e-15,  6.67241819e-15,  7.56084055e-15,
         6.67241819e-15,  4.58588169e-15,  2.45464558e-15,
         1.02324852e-15,  3.32200154e-16,  8.39933554e-17,
         1.65392712e-17,  2.53637957e-18],
       [-5.29162404e-15, -3.45057235e-14, -1.75234528e-13,
        -6.93066047e-13, -2.13479364e-12, -5.12110363e-12,
        -9.56748136e-12, -1.39206025e-11, -1.57741094e-11,
        -1.39206025e-11, -9.56748136e-12, -5.12110363e-12,
        -2.13479364e-12, -6.93066047e-13, -1.75234528e-13,
        -3.45057235e-14, -5.29162404e-15],
       [ 1.55097148e-12,  1.01136035e-11,  5.13611202e-11,
         2.03137174e-10,  6.25706542e-10,  1.50099189e-09,
         2.80422219e-09,  4.08011891e-09,  4.62338079e-09,
         4.08011891e-09,  2.80422219e-09,  1.50099189e-09,
         6.25706542e-10,  2.03137174e-10,  5.13611202e-11,
         1.01136035e-11,  1.55097148e-12],
       [ 3.65108360e-10,  2.38080555e-09,  1.20907284e-08,
         4.78197570e-08,  1.47295225e-07,  3.53342870e-07,
         6.60131377e-07,  9.60485522e-07,  1.08837264e-06,
         9.60485522e-07,  6.60131377e-07,  3.53342870e-07,
         1.47295225e-07,  4.78197570e-08,  1.20907284e-08,
         2.38080555e-09,  3.65108360e-10],
       [-7.71277300e-08, -5.02936018e-07, -2.55411965e-06,
        -1.01017395e-05, -3.11155491e-05, -7.46423175e-05,
        -1.39450218e-04, -2.02898853e-04, -2.29914527e-04,
        -2.02898853e-04, -1.39450218e-04, -7.46423175e-05,
        -3.11155491e-05, -1.01017395e-05, -2.55411965e-06,
        -5.02936018e-07, -7.71277300e-08],
       [ 2.25059534e-06,  1.46757257e-05,  7.45294819e-05,
         2.94769823e-04,  9.07954993e-04,  2.17807060e-03,
         4.06917185e-03,  5.92060992e-03,  6.70893025e-03,
         5.92060992e-03,  4.06917185e-03,  2.17807060e-03,
         9.07954993e-04,  2.94769823e-04,  7.45294819e-05,
         1.46757257e-05,  2.25059534e-06],
       [-4.72747706e-06, -3.08270210e-05, -1.56552545e-04,
        -6.19177299e-04, -1.90720032e-03, -4.57513565e-03,
        -8.54747929e-03, -1.24365091e-02, -1.40924109e-02,
        -1.24365091e-02, -8.54747929e-03, -4.57513565e-03,
        -1.90720032e-03, -6.19177299e-04, -1.56552545e-04,
        -3.08270210e-05, -4.72747706e-06],
       [-9.51807451e-05, -6.20656414e-04, -3.15195322e-03,
        -1.24662165e-02, -3.83986533e-02, -9.21135768e-02,
        -1.72090814e-01, -2.50390649e-01, -2.83729792e-01,
        -2.50390649e-01, -1.72090814e-01, -9.21135768e-02,
        -3.83986533e-02, -1.24662165e-02, -3.15195322e-03,
        -6.20656414e-04, -9.51807451e-05],
       [ 2.40079622e-04,  1.56551588e-03,  7.95034505e-03,
         3.14442255e-02,  9.68550295e-02,  2.32343137e-01,
         4.34074134e-01,  6.31574154e-01,  7.15667248e-01,
         6.31574154e-01,  4.34074134e-01,  2.32343137e-01,
         9.68550295e-02,  3.14442255e-02,  7.95034505e-03,
         1.56551588e-03,  2.40079622e-04],
       [-9.51807451e-05, -6.20656414e-04, -3.15195322e-03,
        -1.24662165e-02, -3.83986533e-02, -9.21135768e-02,
        -1.72090814e-01, -2.50390649e-01, -2.83729792e-01,
        -2.50390649e-01, -1.72090814e-01, -9.21135768e-02,
        -3.83986533e-02, -1.24662165e-02, -3.15195322e-03,
        -6.20656414e-04, -9.51807451e-05],
       [-4.72747706e-06, -3.08270210e-05, -1.56552545e-04,
        -6.19177299e-04, -1.90720032e-03, -4.57513565e-03,
        -8.54747929e-03, -1.24365091e-02, -1.40924109e-02,
        -1.24365091e-02, -8.54747929e-03, -4.57513565e-03,
        -1.90720032e-03, -6.19177299e-04, -1.56552545e-04,
        -3.08270210e-05, -4.72747706e-06],
       [ 2.25059534e-06,  1.46757257e-05,  7.45294819e-05,
         2.94769823e-04,  9.07954993e-04,  2.17807060e-03,
         4.06917185e-03,  5.92060992e-03,  6.70893025e-03,
         5.92060992e-03,  4.06917185e-03,  2.17807060e-03,
         9.07954993e-04,  2.94769823e-04,  7.45294819e-05,
         1.46757257e-05,  2.25059534e-06],
       [-7.71277300e-08, -5.02936018e-07, -2.55411965e-06,
        -1.01017395e-05, -3.11155491e-05, -7.46423175e-05,
        -1.39450218e-04, -2.02898853e-04, -2.29914527e-04,
        -2.02898853e-04, -1.39450218e-04, -7.46423175e-05,
        -3.11155491e-05, -1.01017395e-05, -2.55411965e-06,
        -5.02936018e-07, -7.71277300e-08],
       [ 3.65108360e-10,  2.38080555e-09,  1.20907284e-08,
         4.78197570e-08,  1.47295225e-07,  3.53342870e-07,
         6.60131377e-07,  9.60485522e-07,  1.08837264e-06,
         9.60485522e-07,  6.60131377e-07,  3.53342870e-07,
         1.47295225e-07,  4.78197570e-08,  1.20907284e-08,
         2.38080555e-09,  3.65108360e-10],
       [ 1.55097148e-12,  1.01136035e-11,  5.13611202e-11,
         2.03137174e-10,  6.25706542e-10,  1.50099189e-09,
         2.80422219e-09,  4.08011891e-09,  4.62338079e-09,
         4.08011891e-09,  2.80422219e-09,  1.50099189e-09,
         6.25706542e-10,  2.03137174e-10,  5.13611202e-11,
         1.01136035e-11,  1.55097148e-12],
       [-5.29162404e-15, -3.45057235e-14, -1.75234528e-13,
        -6.93066047e-13, -2.13479364e-12, -5.12110363e-12,
        -9.56748136e-12, -1.39206025e-11, -1.57741094e-11,
        -1.39206025e-11, -9.56748136e-12, -5.12110363e-12,
        -2.13479364e-12, -6.93066047e-13, -1.75234528e-13,
        -3.45057235e-14, -5.29162404e-15],
       [ 2.53637957e-18,  1.65392712e-17,  8.39933554e-17,
         3.32200154e-16,  1.02324852e-15,  2.45464558e-15,
         4.58588169e-15,  6.67241819e-15,  7.56084055e-15,
         6.67241819e-15,  4.58588169e-15,  2.45464558e-15,
         1.02324852e-15,  3.32200154e-16,  8.39933554e-17,
         1.65392712e-17,  2.53637957e-18]], dtype=float32)]
01:43:27 ->GaborFaceUI|变量变更 ―>

[[[62 62 62]
  [77 77 77]
  [68 68 68]
  ...
  [57 57 57]
  [45 45 45]
  [17 17 17]]

 [[62 62 62]
  [81 81 81]
  [75 75 75]
  ...
  [55 55 55]
  [44 44 44]
  [17 17 17]]

 [[63 63 63]
  [82 82 82]
  [77 77 77]
  ...
  [57 57 57]
  [43 43 43]
  [16 16 16]]

 ...

 [[37 37 37]
  [37 37 37]
  [21 21 21]
  ...
  [51 51 51]
  [36 36 36]
  [14 14 14]]

 [[36 36 36]
  [36 36 36]
  [20 20 20]
  ...
  [48 48 48]
  [38 38 38]
  [15 15 15]]

 [[37 37 37]
  [37 37 37]
  [20 20 20]
  ...
  [48 48 48]
  [38 38 38]
  [15 15 15]]]
01:43:28 ->GaborImgPre|变量变更 ―>

[[62 77 68 ... 57 45 17]
 [62 81 75 ... 55 44 17]
 [63 82 77 ... 57 43 16]
 ...
 [37 37 21 ... 51 36 14]
 [36 36 20 ... 48 38 15]
 [37 37 20 ... 48 38 15]]
01:43:28 ->GaborKenel|变量变更 ―>

[[[46.942917  46.942917  46.942917 ]
  [46.36559   46.36559   46.36559  ]
  [52.517597  52.517597  52.517597 ]
  ...
  [24.757675  24.757675  24.757675 ]
  [74.048836  74.048836  74.048836 ]
  [30.476662  30.476662  30.476662 ]]

 [[58.755005  58.755005  58.755005 ]
  [60.112564  60.112564  60.112564 ]
  [63.76075   63.76075   63.76075  ]
  ...
  [31.418615  31.418615  31.418615 ]
  [73.28977   73.28977   73.28977  ]
  [28.569147  28.569147  28.569147 ]]

 [[71.8402    71.8402    71.8402   ]
  [74.01663   74.01663   74.01663  ]
  [79.54505   79.54505   79.54505  ]
  ...
  [37.31683   37.31683   37.31683  ]
  [71.182465  71.182465  71.182465 ]
  [33.461735  33.461735  33.461735 ]]

 ...

 [[90.35174   90.35174   90.35174  ]
  [11.420851  11.420851  11.420851 ]
  [10.912537  10.912537  10.912537 ]
  ...
  [32.835846  32.835846  32.835846 ]
  [68.803764  68.803764  68.803764 ]
  [32.440197  32.440197  32.440197 ]]

 [[90.11337   90.11337   90.11337  ]
  [14.760401  14.760401  14.760401 ]
  [14.1765995 14.1765995 14.1765995]
  ...
  [32.381317  32.381317  32.381317 ]
  [69.656105  69.656105  69.656105 ]
  [31.281595  31.281595  31.281595 ]]

 [[90.07362   90.07362   90.07362  ]
  [11.774858  11.774858  11.774858 ]
  [10.063699  10.063699  10.063699 ]
  ...
  [32.282078  32.282078  32.282078 ]
  [69.87875   69.87875   69.87875  ]
  [28.537598  28.537598  28.537598 ]]]
01:43:29 ->GaborKenel|变量变更 ―>

池化后结果-> [[[0.1882353  0.1882353  0.1882353 ]
  [0.1882353  0.1882353  0.1882353 ]
  [0.1882353  0.1882353  0.1882353 ]
  ...
  [0.1882353  0.1882353  0.1882353 ]
  [0.1882353  0.1882353  0.1882353 ]
  [0.11951632 0.11951632 0.11951632]]

 [[0.23529412 0.23529412 0.23529412]
  [0.23529412 0.23529412 0.23529412]
  [0.23529412 0.23529412 0.23529412]
  ...
  [0.19607843 0.19607843 0.19607843]
  [0.19607843 0.19607843 0.19607843]
  [0.11203587 0.11203587 0.11203587]]

 [[0.29411766 0.29411766 0.29411766]
  [0.29411766 0.29411766 0.29411766]
  [0.29411766 0.29411766 0.29411766]
  ...
  [0.20784314 0.20784314 0.20784314]
  [0.20784314 0.20784314 0.20784314]
  [0.13122249 0.13122249 0.13122249]]

 ...

 [[0.14509805 0.14509805 0.14509805]
  [0.14509805 0.14509805 0.14509805]
  [0.14509805 0.14509805 0.14509805]
  ...
  [0.17254902 0.17254902 0.17254902]
  [0.17254902 0.17254902 0.17254902]
  [0.12721646 0.12721646 0.12721646]]

 [[0.15294118 0.15294118 0.15294118]
  [0.15294118 0.15294118 0.15294118]
  [0.15294118 0.15294118 0.15294118]
  ...
  [0.17254902 0.17254902 0.17254902]
  [0.17254902 0.17254902 0.17254902]
  [0.12267292 0.12267292 0.12267292]]

 [[0.14509805 0.14509805 0.14509805]
  [0.14509805 0.14509805 0.14509805]
  [0.14509805 0.14509805 0.14509805]
  ...
  [0.17254902 0.17254902 0.17254902]
  [0.17254902 0.17254902 0.17254902]
  [0.11191215 0.11191215 0.11191215]]]
01:43:29 ->GaborDiscriminatr|变量变更 ―>

预测的直接返回值[[9.89668250e-01 5.30545693e-03 1.84153923e-05 1.96828794e-15
  4.67989780e-03 7.52174583e-06 5.05905291e-08 2.70221291e-13
  1.44603474e-09 6.52804433e-09 9.75671756e-15 8.01644792e-11
  1.04769991e-10 3.20043910e-04 1.24139987e-08 3.65319494e-07
  2.85652682e-11 4.20228385e-09 8.28718062e-15 1.78446632e-10
  1.98005987e-10 5.87608850e-11 1.37717745e-11 2.45895165e-10]]
01:43:29 ->GaborDiscriminatr|变量变更 ―>

预测的处理返回值0
01:43:29 ->GaborFaceUI|变量变更 ―>

0
