02:02:10 ->GaborKenel|变量变更 ―>

[array([[-0.00035881, -0.00482801,  0.00731497,  0.04251659,  0.00731497,
        -0.00482801, -0.00035881],
       [-0.00067035, -0.00901992,  0.01366617,  0.07943146,  0.01366617,
        -0.00901992, -0.00067035],
       [-0.00097536, -0.0131239 ,  0.01988416,  0.11557209,  0.01988416,
        -0.0131239 , -0.00097536],
       [-0.00110522, -0.01487133,  0.0225317 ,  0.13096033,  0.0225317 ,
        -0.01487133, -0.00110522],
       [-0.00097536, -0.0131239 ,  0.01988416,  0.11557209,  0.01988416,
        -0.0131239 , -0.00097536],
       [-0.00067035, -0.00901992,  0.01366617,  0.07943146,  0.01366617,
        -0.00901992, -0.00067035],
       [-0.00035881, -0.00482801,  0.00731497,  0.04251659,  0.00731497,
        -0.00482801, -0.00035881]], dtype=float32), array([[ 2.29163879e-06, -1.41274752e-04, -1.90092309e-03,
         2.88010761e-03,  1.67399645e-02,  2.88010761e-03,
        -1.90092309e-03, -1.41274752e-04,  2.29163879e-06],
       [ 5.49735569e-06, -3.38900514e-04, -4.56007710e-03,
         6.90901931e-03,  4.01570871e-02,  6.90901931e-03,
        -4.56007710e-03, -3.38900514e-04,  5.49735569e-06],
       [ 1.02704134e-05, -6.33149524e-04, -8.51934589e-03,
         1.29077472e-02,  7.50233158e-02,  1.29077472e-02,
        -8.51934589e-03, -6.33149524e-04,  1.02704134e-05],
       [ 1.49433627e-05, -9.21227154e-04, -1.23955756e-02,
         1.87806617e-02,  1.09158278e-01,  1.87806617e-02,
        -1.23955756e-02, -9.21227154e-04,  1.49433627e-05],
       [ 1.69330488e-05, -1.04388711e-03, -1.40460273e-02,
         2.12812759e-02,  1.23692535e-01,  2.12812759e-02,
        -1.40460273e-02, -1.04388711e-03,  1.69330488e-05],
       [ 1.49433627e-05, -9.21227154e-04, -1.23955756e-02,
         1.87806617e-02,  1.09158278e-01,  1.87806617e-02,
        -1.23955756e-02, -9.21227154e-04,  1.49433627e-05],
       [ 1.02704134e-05, -6.33149524e-04, -8.51934589e-03,
         1.29077472e-02,  7.50233158e-02,  1.29077472e-02,
        -8.51934589e-03, -6.33149524e-04,  1.02704134e-05],
       [ 5.49735569e-06, -3.38900514e-04, -4.56007710e-03,
         6.90901931e-03,  4.01570871e-02,  6.90901931e-03,
        -4.56007710e-03, -3.38900514e-04,  5.49735569e-06],
       [ 2.29163879e-06, -1.41274752e-04, -1.90092309e-03,
         2.88010761e-03,  1.67399645e-02,  2.88010761e-03,
        -1.90092309e-03, -1.41274752e-04,  2.29163879e-06]], dtype=float32), array([[ 1.97210195e-08,  7.30868919e-07, -4.50565458e-05,
        -6.06258574e-04,  9.18548438e-04,  5.33885183e-03,
         9.18548438e-04, -6.06258574e-04, -4.50565458e-05,
         7.30868919e-07,  1.97210195e-08],
       [ 6.07450161e-08,  2.25123472e-06, -1.38783929e-04,
        -1.86740770e-03,  2.82932818e-03,  1.64448209e-02,
         2.82932818e-03, -1.86740770e-03, -1.38783929e-04,
         2.25123472e-06,  6.07450161e-08],
       [ 1.45719710e-07,  5.40043129e-06, -3.32925323e-04,
        -4.47967835e-03,  6.78720558e-03,  3.94490734e-02,
         6.78720558e-03, -4.47967835e-03, -3.32925323e-04,
         5.40043129e-06,  1.45719710e-07],
       [ 2.72240271e-07,  1.00893349e-05, -6.21986459e-04,
        -8.36914126e-03,  1.26801701e-02,  7.37005770e-02,
         1.26801701e-02, -8.36914126e-03, -6.21986459e-04,
         1.00893349e-05,  2.72240271e-07],
       [ 3.96107254e-07,  1.46798948e-05, -9.04984889e-04,
        -1.21770287e-02,  1.84495393e-02,  1.07233703e-01,
         1.84495393e-02, -1.21770287e-02, -9.04984889e-04,
         1.46798948e-05,  3.96107254e-07],
       [ 4.48848311e-07,  1.66344998e-05, -1.02548231e-03,
        -1.37983812e-02,  2.09060647e-02,  1.21511705e-01,
         2.09060647e-02, -1.37983812e-02, -1.02548231e-03,
         1.66344998e-05,  4.48848311e-07],
       [ 3.96107254e-07,  1.46798948e-05, -9.04984889e-04,
        -1.21770287e-02,  1.84495393e-02,  1.07233703e-01,
         1.84495393e-02, -1.21770287e-02, -9.04984889e-04,
         1.46798948e-05,  3.96107254e-07],
       [ 2.72240271e-07,  1.00893349e-05, -6.21986459e-04,
        -8.36914126e-03,  1.26801701e-02,  7.37005770e-02,
         1.26801701e-02, -8.36914126e-03, -6.21986459e-04,
         1.00893349e-05,  2.72240271e-07],
       [ 1.45719710e-07,  5.40043129e-06, -3.32925323e-04,
        -4.47967835e-03,  6.78720558e-03,  3.94490734e-02,
         6.78720558e-03, -4.47967835e-03, -3.32925323e-04,
         5.40043129e-06,  1.45719710e-07],
       [ 6.07450161e-08,  2.25123472e-06, -1.38783929e-04,
        -1.86740770e-03,  2.82932818e-03,  1.64448209e-02,
         2.82932818e-03, -1.86740770e-03, -1.38783929e-04,
         2.25123472e-06,  6.07450161e-08],
       [ 1.97210195e-08,  7.30868919e-07, -4.50565458e-05,
        -6.06258574e-04,  9.18548438e-04,  5.33885183e-03,
         9.18548438e-04, -6.06258574e-04, -4.50565458e-05,
         7.30868919e-07,  1.97210195e-08]], dtype=float32), array([[ 3.15711606e-12,  4.96413355e-09,  1.83972787e-07,
        -1.13415390e-05, -1.52606139e-04,  2.31215090e-04,
         1.34388451e-03,  2.31215090e-04, -1.52606139e-04,
        -1.13415390e-05,  1.83972787e-07,  4.96413355e-09,
         3.15711606e-12],
       [ 1.24866359e-11,  1.96335286e-08,  7.27626514e-07,
        -4.48566570e-05, -6.03568973e-04,  9.14473436e-04,
         5.31516643e-03,  9.14473436e-04, -6.03568973e-04,
        -4.48566570e-05,  7.27626514e-07,  1.96335286e-08,
         1.24866359e-11],
       [ 3.84615464e-11,  6.04755286e-08,  2.24124733e-06,
        -1.38168238e-04, -1.85912324e-03,  2.81677628e-03,
         1.63718648e-02,  2.81677628e-03, -1.85912324e-03,
        -1.38168238e-04,  2.24124733e-06,  6.04755286e-08,
         3.84615464e-11],
       [ 9.22644530e-11,  1.45073244e-07,  5.37647293e-06,
        -3.31448362e-04, -4.45980486e-03,  6.75709499e-03,
         3.92740630e-02,  6.75709499e-03, -4.45980486e-03,
        -3.31448362e-04,  5.37647293e-06,  1.45073244e-07,
         9.22644530e-11],
       [ 1.72372686e-10,  2.71032519e-07,  1.00445750e-05,
        -6.19227067e-04, -8.33201222e-03,  1.26239154e-02,
         7.33736083e-02,  1.26239154e-02, -8.33201222e-03,
        -6.19227067e-04,  1.00445750e-05,  2.71032519e-07,
         1.72372686e-10],
       [ 2.50800797e-10,  3.94349968e-07,  1.46147695e-05,
        -9.00970073e-04, -1.21230064e-02,  1.83676891e-02,
         1.06757969e-01,  1.83676891e-02, -1.21230064e-02,
        -9.00970073e-04,  1.46147695e-05,  3.94349968e-07,
         2.50800797e-10],
       [ 2.84194501e-10,  4.46857058e-07,  1.65607034e-05,
        -1.02093280e-03, -1.37371663e-02,  2.08133180e-02,
         1.20972633e-01,  2.08133180e-02, -1.37371663e-02,
        -1.02093280e-03,  1.65607034e-05,  4.46857058e-07,
         2.84194501e-10],
       [ 2.50800797e-10,  3.94349968e-07,  1.46147695e-05,
        -9.00970073e-04, -1.21230064e-02,  1.83676891e-02,
         1.06757969e-01,  1.83676891e-02, -1.21230064e-02,
        -9.00970073e-04,  1.46147695e-05,  3.94349968e-07,
         2.50800797e-10],
       [ 1.72372686e-10,  2.71032519e-07,  1.00445750e-05,
        -6.19227067e-04, -8.33201222e-03,  1.26239154e-02,
         7.33736083e-02,  1.26239154e-02, -8.33201222e-03,
        -6.19227067e-04,  1.00445750e-05,  2.71032519e-07,
         1.72372686e-10],
       [ 9.22644530e-11,  1.45073244e-07,  5.37647293e-06,
        -3.31448362e-04, -4.45980486e-03,  6.75709499e-03,
         3.92740630e-02,  6.75709499e-03, -4.45980486e-03,
        -3.31448362e-04,  5.37647293e-06,  1.45073244e-07,
         9.22644530e-11],
       [ 3.84615464e-11,  6.04755286e-08,  2.24124733e-06,
        -1.38168238e-04, -1.85912324e-03,  2.81677628e-03,
         1.63718648e-02,  2.81677628e-03, -1.85912324e-03,
        -1.38168238e-04,  2.24124733e-06,  6.04755286e-08,
         3.84615464e-11],
       [ 1.24866359e-11,  1.96335286e-08,  7.27626514e-07,
        -4.48566570e-05, -6.03568973e-04,  9.14473436e-04,
         5.31516643e-03,  9.14473436e-04, -6.03568973e-04,
        -4.48566570e-05,  7.27626514e-07,  1.96335286e-08,
         1.24866359e-11],
       [ 3.15711606e-12,  4.96413355e-09,  1.83972787e-07,
        -1.13415390e-05, -1.52606139e-04,  2.31215090e-04,
         1.34388451e-03,  2.31215090e-04, -1.52606139e-04,
        -1.13415390e-05,  1.83972787e-07,  4.96413355e-09,
         3.15711606e-12]], dtype=float32), array([[-5.47091466e-15,  6.21130372e-13,  9.76642767e-10,
         3.61947734e-08, -2.23133225e-06, -3.00237007e-05,
         4.54892106e-05,  2.64395581e-04,  4.54892106e-05,
        -3.00237007e-05, -2.23133225e-06,  3.61947734e-08,
         9.76642767e-10,  6.21130372e-13, -5.47091466e-15],
       [-2.77835955e-14,  3.15436045e-12,  4.95980057e-09,
         1.83812219e-07, -1.13316401e-05, -1.52472945e-04,
         2.31013284e-04,  1.34271150e-03,  2.31013284e-04,
        -1.52472945e-04, -1.13316401e-05,  1.83812219e-07,
         4.95980057e-09,  3.15436045e-12, -2.77835955e-14],
       [-1.09886255e-13,  1.24757375e-11,  1.96163921e-08,
         7.26991402e-07, -4.48175088e-05, -6.03042135e-04,
         9.13675234e-04,  5.31052751e-03,  9.13675234e-04,
        -6.03042135e-04, -4.48175088e-05,  7.26991402e-07,
         1.96163921e-08,  1.24757375e-11, -1.09886255e-13],
       [-3.38473498e-13,  3.84279761e-11,  6.04227424e-08,
         2.23929123e-06, -1.38047631e-04, -1.85750052e-03,
         2.81431782e-03,  1.63575746e-02,  2.81431782e-03,
        -1.85750052e-03, -1.38047631e-04,  2.23929123e-06,
         6.04227424e-08,  3.84279761e-11, -3.38473498e-13],
       [-8.11955700e-13,  9.21839202e-11,  1.44946625e-07,
         5.37178039e-06, -3.31159070e-04, -4.45591193e-03,
         6.75119739e-03,  3.92397828e-02,  6.75119739e-03,
        -4.45591193e-03, -3.31159070e-04,  5.37178039e-06,
         1.44946625e-07,  9.21839202e-11, -8.11955700e-13],
       [-1.51693296e-12,  1.72222236e-10,  2.70795965e-07,
         1.00358075e-05, -6.18686609e-04, -8.32474045e-03,
         1.26128979e-02,  7.33095706e-02,  1.26128979e-02,
        -8.32474045e-03, -6.18686609e-04,  1.00358075e-05,
         2.70795965e-07,  1.72222236e-10, -1.51693296e-12],
       [-2.20712446e-12,  2.50581889e-10,  3.94005781e-07,
         1.46020138e-05, -9.00183688e-04, -1.21124256e-02,
         1.83516573e-02,  1.06664792e-01,  1.83516573e-02,
        -1.21124256e-02, -9.00183688e-04,  1.46020138e-05,
         3.94005781e-07,  2.50581889e-10, -2.20712446e-12],
       [-2.50099962e-12,  2.83946450e-10,  4.46467027e-07,
         1.65462498e-05, -1.02004176e-03, -1.37251765e-02,
         2.07951516e-02,  1.20867044e-01,  2.07951516e-02,
        -1.37251765e-02, -1.02004176e-03,  1.65462498e-05,
         4.46467027e-07,  2.83946450e-10, -2.50099962e-12],
       [-2.20712446e-12,  2.50581889e-10,  3.94005781e-07,
         1.46020138e-05, -9.00183688e-04, -1.21124256e-02,
         1.83516573e-02,  1.06664792e-01,  1.83516573e-02,
        -1.21124256e-02, -9.00183688e-04,  1.46020138e-05,
         3.94005781e-07,  2.50581889e-10, -2.20712446e-12],
       [-1.51693296e-12,  1.72222236e-10,  2.70795965e-07,
         1.00358075e-05, -6.18686609e-04, -8.32474045e-03,
         1.26128979e-02,  7.33095706e-02,  1.26128979e-02,
        -8.32474045e-03, -6.18686609e-04,  1.00358075e-05,
         2.70795965e-07,  1.72222236e-10, -1.51693296e-12],
       [-8.11955700e-13,  9.21839202e-11,  1.44946625e-07,
         5.37178039e-06, -3.31159070e-04, -4.45591193e-03,
         6.75119739e-03,  3.92397828e-02,  6.75119739e-03,
        -4.45591193e-03, -3.31159070e-04,  5.37178039e-06,
         1.44946625e-07,  9.21839202e-11, -8.11955700e-13],
       [-3.38473498e-13,  3.84279761e-11,  6.04227424e-08,
         2.23929123e-06, -1.38047631e-04, -1.85750052e-03,
         2.81431782e-03,  1.63575746e-02,  2.81431782e-03,
        -1.85750052e-03, -1.38047631e-04,  2.23929123e-06,
         6.04227424e-08,  3.84279761e-11, -3.38473498e-13],
       [-1.09886255e-13,  1.24757375e-11,  1.96163921e-08,
         7.26991402e-07, -4.48175088e-05, -6.03042135e-04,
         9.13675234e-04,  5.31052751e-03,  9.13675234e-04,
        -6.03042135e-04, -4.48175088e-05,  7.26991402e-07,
         1.96163921e-08,  1.24757375e-11, -1.09886255e-13],
       [-2.77835955e-14,  3.15436045e-12,  4.95980057e-09,
         1.83812219e-07, -1.13316401e-05, -1.52472945e-04,
         2.31013284e-04,  1.34271150e-03,  2.31013284e-04,
        -1.52472945e-04, -1.13316401e-05,  1.83812219e-07,
         4.95980057e-09,  3.15436045e-12, -2.77835955e-14],
       [-5.47091466e-15,  6.21130372e-13,  9.76642767e-10,
         3.61947734e-08, -2.23133225e-06, -3.00237007e-05,
         4.54892106e-05,  2.64395581e-04,  4.54892106e-05,
        -3.00237007e-05, -2.23133225e-06,  3.61947734e-08,
         9.76642767e-10,  6.21130372e-13, -5.47091466e-15]], dtype=float32), array([[-3.42417593e-19, -8.38879726e-16,  9.52406963e-14,
         1.49752974e-10,  5.54990587e-09, -3.42140140e-07,
        -4.60366800e-06,  6.97506403e-06,  4.05409555e-05,
         6.97506403e-06, -4.60366800e-06, -3.42140140e-07,
         5.54990587e-09,  1.49752974e-10,  9.52406963e-14,
        -8.38879726e-16, -3.42417593e-19],
       [-2.23284316e-18, -5.47018324e-15,  6.21047322e-13,
         9.76512204e-10,  3.61899346e-08, -2.23103393e-06,
        -3.00196862e-05,  4.54831279e-05,  2.64360249e-04,
         4.54831279e-05, -3.00196862e-05, -2.23103393e-06,
         3.61899346e-08,  9.76512204e-10,  6.21047322e-13,
        -5.47018324e-15, -2.23284316e-18],
       [-1.13393136e-17, -2.77798821e-14,  3.15393870e-12,
         4.95913755e-09,  1.83787648e-07, -1.13301248e-05,
        -1.52452558e-04,  2.30982390e-04,  1.34253199e-03,
         2.30982390e-04, -1.52452558e-04, -1.13301248e-05,
         1.83787648e-07,  4.95913755e-09,  3.15393870e-12,
        -2.77798821e-14, -1.13393136e-17],
       [-4.48478535e-17, -1.09871564e-13,  1.24740695e-11,
         1.96137702e-08,  7.26894257e-07, -4.48115170e-05,
        -6.02961518e-04,  9.13553115e-04,  5.30981738e-03,
         9.13553115e-04, -6.02961518e-04, -4.48115170e-05,
         7.26894257e-07,  1.96137702e-08,  1.24740695e-11,
        -1.09871564e-13, -4.48478535e-17],
       [-1.38141108e-16, -3.38428233e-13,  3.84228378e-11,
         6.04146635e-08,  2.23899178e-06, -1.38029180e-04,
        -1.85725221e-03,  2.81394157e-03,  1.63553879e-02,
         2.81394157e-03, -1.85725221e-03, -1.38029180e-04,
         2.23899178e-06,  6.04146635e-08,  3.84228378e-11,
        -3.38428233e-13, -1.38141108e-16],
       [-3.31383324e-16, -8.11847117e-13,  9.21715967e-11,
         1.44927242e-07,  5.37106234e-06, -3.31114774e-04,
        -4.45531635e-03,  6.75029494e-03,  3.92345376e-02,
         6.75029494e-03, -4.45531635e-03, -3.31114774e-04,
         5.37106234e-06,  1.44927242e-07,  9.21715967e-11,
        -8.11847117e-13, -3.31383324e-16],
       [-6.19105540e-16, -1.51673021e-12,  1.72199213e-10,
         2.70759756e-07,  1.00344660e-05, -6.18603895e-04,
        -8.32362752e-03,  1.26112113e-02,  7.32997656e-02,
         1.26112113e-02, -8.32362752e-03, -6.18603895e-04,
         1.00344660e-05,  2.70759756e-07,  1.72199213e-10,
        -1.51673021e-12, -6.19105540e-16],
       [-9.00793281e-16, -2.20682934e-12,  2.50548388e-10,
         3.93953087e-07,  1.46000611e-05, -9.00063314e-04,
        -1.21108061e-02,  1.83492042e-02,  1.06650531e-01,
         1.83492042e-02, -1.21108061e-02, -9.00063314e-04,
         1.46000611e-05,  3.93953087e-07,  2.50548388e-10,
        -2.20682934e-12, -9.00793281e-16],
       [-1.02073251e-15, -2.50066526e-12,  2.83908508e-10,
         4.46407341e-07,  1.65440379e-05, -1.01990544e-03,
        -1.37233408e-02,  2.07923707e-02,  1.20850883e-01,
         2.07923707e-02, -1.37233408e-02, -1.01990544e-03,
         1.65440379e-05,  4.46407341e-07,  2.83908508e-10,
        -2.50066526e-12, -1.02073251e-15],
       [-9.00793281e-16, -2.20682934e-12,  2.50548388e-10,
         3.93953087e-07,  1.46000611e-05, -9.00063314e-04,
        -1.21108061e-02,  1.83492042e-02,  1.06650531e-01,
         1.83492042e-02, -1.21108061e-02, -9.00063314e-04,
         1.46000611e-05,  3.93953087e-07,  2.50548388e-10,
        -2.20682934e-12, -9.00793281e-16],
       [-6.19105540e-16, -1.51673021e-12,  1.72199213e-10,
         2.70759756e-07,  1.00344660e-05, -6.18603895e-04,
        -8.32362752e-03,  1.26112113e-02,  7.32997656e-02,
         1.26112113e-02, -8.32362752e-03, -6.18603895e-04,
         1.00344660e-05,  2.70759756e-07,  1.72199213e-10,
        -1.51673021e-12, -6.19105540e-16],
       [-3.31383324e-16, -8.11847117e-13,  9.21715967e-11,
         1.44927242e-07,  5.37106234e-06, -3.31114774e-04,
        -4.45531635e-03,  6.75029494e-03,  3.92345376e-02,
         6.75029494e-03, -4.45531635e-03, -3.31114774e-04,
         5.37106234e-06,  1.44927242e-07,  9.21715967e-11,
        -8.11847117e-13, -3.31383324e-16],
       [-1.38141108e-16, -3.38428233e-13,  3.84228378e-11,
         6.04146635e-08,  2.23899178e-06, -1.38029180e-04,
        -1.85725221e-03,  2.81394157e-03,  1.63553879e-02,
         2.81394157e-03, -1.85725221e-03, -1.38029180e-04,
         2.23899178e-06,  6.04146635e-08,  3.84228378e-11,
        -3.38428233e-13, -1.38141108e-16],
       [-4.48478535e-17, -1.09871564e-13,  1.24740695e-11,
         1.96137702e-08,  7.26894257e-07, -4.48115170e-05,
        -6.02961518e-04,  9.13553115e-04,  5.30981738e-03,
         9.13553115e-04, -6.02961518e-04, -4.48115170e-05,
         7.26894257e-07,  1.96137702e-08,  1.24740695e-11,
        -1.09871564e-13, -4.48478535e-17],
       [-1.13393136e-17, -2.77798821e-14,  3.15393870e-12,
         4.95913755e-09,  1.83787648e-07, -1.13301248e-05,
        -1.52452558e-04,  2.30982390e-04,  1.34253199e-03,
         2.30982390e-04, -1.52452558e-04, -1.13301248e-05,
         1.83787648e-07,  4.95913755e-09,  3.15393870e-12,
        -2.77798821e-14, -1.13393136e-17],
       [-2.23284316e-18, -5.47018324e-15,  6.21047322e-13,
         9.76512204e-10,  3.61899346e-08, -2.23103393e-06,
        -3.00196862e-05,  4.54831279e-05,  2.64360249e-04,
         4.54831279e-05, -3.00196862e-05, -2.23103393e-06,
         3.61899346e-08,  9.76512204e-10,  6.21047322e-13,
        -5.47018324e-15, -2.23284316e-18],
       [-3.42417593e-19, -8.38879726e-16,  9.52406963e-14,
         1.49752974e-10,  5.54990587e-09, -3.42140140e-07,
        -4.60366800e-06,  6.97506403e-06,  4.05409555e-05,
         6.97506403e-06, -4.60366800e-06, -3.42140140e-07,
         5.54990587e-09,  1.49752974e-10,  9.52406963e-14,
        -8.38879726e-16, -3.42417593e-19]], dtype=float32), array([[-1.9617092e-03,  1.5718035e-02, -1.5815215e-03, -5.0821292e-01,
         2.1301079e+00, -3.3637207e+00,  2.3519311e+00],
       [ 1.5718035e-02, -2.0307137e-03, -8.3790147e-01,  4.5094380e+00,
        -9.1435404e+00,  8.2090464e+00, -3.3637207e+00],
       [-1.5815215e-03, -8.3790147e-01,  5.7902331e+00, -1.5075150e+01,
         1.7378551e+01, -9.1435404e+00,  2.1301079e+00],
       [-5.0821292e-01,  4.5094380e+00, -1.5075150e+01,  2.2314501e+01,
        -1.5075150e+01,  4.5094380e+00, -5.0821292e-01],
       [ 2.1301079e+00, -9.1435404e+00,  1.7378551e+01, -1.5075150e+01,
         5.7902331e+00, -8.3790147e-01, -1.5815215e-03],
       [-3.3637207e+00,  8.2090464e+00, -9.1435404e+00,  4.5094380e+00,
        -8.3790147e-01, -2.0307137e-03,  1.5718035e-02],
       [ 2.3519311e+00, -3.3637207e+00,  2.1301079e+00, -5.0821292e-01,
        -1.5815215e-03,  1.5718035e-02, -1.9617092e-03]], dtype=float32), array([[-8.1831768e-06,  3.0308511e-04, -4.9788482e-03,  3.1068400e-02,
        -2.4345694e-03, -6.0928309e-01,  1.9888470e+00, -2.4459417e+00,
         1.3319169e+00],
       [ 3.0308511e-04, -6.3929679e-03,  5.1223133e-02, -5.1539829e-03,
        -1.6562032e+00,  6.9417582e+00, -1.0961950e+01,  7.6646523e+00,
        -2.4459417e+00],
       [-4.9788482e-03,  5.1223133e-02, -6.6178450e-03, -2.7306175e+00,
         1.4695702e+01, -2.9797668e+01,  2.6752268e+01, -1.0961950e+01,
         1.9888470e+00],
       [ 3.1068400e-02, -5.1539829e-03, -2.7306175e+00,  1.8869654e+01,
        -4.9128052e+01,  5.6634548e+01, -2.9797668e+01,  6.9417582e+00,
        -6.0928309e-01],
       [-2.4345694e-03, -1.6562032e+00,  1.4695702e+01, -4.9128052e+01,
         7.2720200e+01, -4.9128052e+01,  1.4695702e+01, -1.6562032e+00,
        -2.4345694e-03],
       [-6.0928309e-01,  6.9417582e+00, -2.9797668e+01,  5.6634548e+01,
        -4.9128052e+01,  1.8869654e+01, -2.7306175e+00, -5.1539829e-03,
         3.1068400e-02],
       [ 1.9888470e+00, -1.0961950e+01,  2.6752268e+01, -2.9797668e+01,
         1.4695702e+01, -2.7306175e+00, -6.6178450e-03,  5.1223133e-02,
        -4.9788482e-03],
       [-2.4459417e+00,  7.6646523e+00, -1.0961950e+01,  6.9417582e+00,
        -1.6562032e+00, -5.1539829e-03,  5.1223133e-02, -6.3929679e-03,
         3.0308511e-04],
       [ 1.3319169e+00, -2.4459417e+00,  1.9888470e+00, -6.0928309e-01,
        -2.4345694e-03,  3.1068400e-02, -4.9788482e-03,  3.0308511e-04,
        -8.1831768e-06]], dtype=float32), array([[-9.4725894e-10,  1.3544833e-07, -8.5605407e-06,  2.4692796e-04,
        -3.1590825e-03,  1.5352436e-02, -9.3692949e-04, -1.8261242e-01,
         4.6423614e-01, -4.4464153e-01,  1.8856777e-01],
       [ 1.3544833e-07, -1.0991952e-05,  4.0711538e-04, -6.6877776e-03,
         4.1732248e-02, -3.2702056e-03, -8.1841207e-01,  2.6714945e+00,
        -3.2854812e+00,  1.7890812e+00, -4.4464153e-01],
       [-8.5605407e-06,  4.0711538e-04, -8.5872766e-03,  6.8804845e-02,
        -6.9230250e-03, -2.2246747e+00,  9.3244324e+00, -1.4724506e+01,
         1.0295451e+01, -3.2854812e+00,  4.6423614e-01],
       [ 2.4692796e-04, -6.6877776e-03,  6.8804845e-02, -8.8893399e-03,
        -3.6678686e+00,  1.9739822e+01, -4.0025356e+01,  3.5934658e+01,
        -1.4724506e+01,  2.6714945e+00, -1.8261242e-01],
       [-3.1590825e-03,  4.1732248e-02, -6.9230250e-03, -3.6678686e+00,
         2.5346434e+01, -6.5990654e+01,  7.6073669e+01, -4.0025356e+01,
         9.3244324e+00, -8.1841207e-01, -9.3692949e-04],
       [ 1.5352436e-02, -3.2702056e-03, -2.2246747e+00,  1.9739822e+01,
        -6.5990654e+01,  9.7680527e+01, -6.5990654e+01,  1.9739822e+01,
        -2.2246747e+00, -3.2702056e-03,  1.5352436e-02],
       [-9.3692949e-04, -8.1841207e-01,  9.3244324e+00, -4.0025356e+01,
         7.6073669e+01, -6.5990654e+01,  2.5346434e+01, -3.6678686e+00,
        -6.9230250e-03,  4.1732248e-02, -3.1590825e-03],
       [-1.8261242e-01,  2.6714945e+00, -1.4724506e+01,  3.5934658e+01,
        -4.0025356e+01,  1.9739822e+01, -3.6678686e+00, -8.8893399e-03,
         6.8804845e-02, -6.6877776e-03,  2.4692796e-04],
       [ 4.6423614e-01, -3.2854812e+00,  1.0295451e+01, -1.4724506e+01,
         9.3244324e+00, -2.2246747e+00, -6.9230250e-03,  6.8804845e-02,
        -8.5872766e-03,  4.0711538e-04, -8.5605407e-06],
       [-4.4464153e-01,  1.7890812e+00, -3.2854812e+00,  2.6714945e+00,
        -8.1841207e-01, -3.2702056e-03,  4.1732248e-02, -6.6877776e-03,
         4.0711538e-04, -1.0991952e-05,  1.3544833e-07],
       [ 1.8856777e-01, -4.4464153e-01,  4.6423614e-01, -1.8261242e-01,
        -9.3692949e-04,  1.5352436e-02, -3.1590825e-03,  2.4692796e-04,
        -8.5605407e-06,  1.3544833e-07, -9.4725894e-10]], dtype=float32), array([[ 3.4563627e-16,  2.5325209e-12, -7.5502493e-10,  8.4080000e-08,
        -4.1385347e-06,  9.2969836e-05, -9.2631590e-04,  3.5059187e-03,
        -1.6663178e-04, -2.5293423e-02,  5.0077498e-02, -3.7354257e-02,
         1.2337407e-02],
       [ 2.5325209e-12, -9.6947128e-10,  1.3862447e-07, -8.7612780e-06,
         2.5271819e-04, -3.2331601e-03,  1.5712438e-02, -9.5889968e-04,
        -1.8689452e-01,  4.7512209e-01, -4.5506799e-01,  1.9298953e-01,
        -3.7354257e-02],
       [-7.5502493e-10,  1.3862447e-07, -1.1249704e-05,  4.1666187e-04,
        -6.8445997e-03,  4.2710833e-02, -3.3468890e-03, -8.3760315e-01,
         2.7341387e+00, -3.3625231e+00,  1.8310336e+00, -4.5506799e-01,
         5.0077498e-02],
       [ 8.4080000e-08, -8.7612780e-06,  4.1666187e-04, -8.7886406e-03,
         7.0418261e-02, -7.0853638e-03, -2.2768414e+00,  9.5430813e+00,
        -1.5069783e+01,  1.0536870e+01, -3.3625231e+00,  4.7512209e-01,
        -2.5293423e-02],
       [-4.1385347e-06,  2.5271819e-04, -6.8445997e-03,  7.0418261e-02,
        -9.0977876e-03, -3.7538769e+00,  2.0202703e+01, -4.0963917e+01,
         3.6777294e+01, -1.5069783e+01,  2.7341387e+00, -1.8689452e-01,
        -1.6663178e-04],
       [ 9.2969836e-05, -3.2331601e-03,  4.2710833e-02, -7.0853638e-03,
        -3.7538769e+00,  2.5940784e+01, -6.7538078e+01,  7.7857529e+01,
        -4.0963917e+01,  9.5430813e+00, -8.3760315e-01, -9.5889968e-04,
         3.5059187e-03],
       [-9.2631590e-04,  1.5712438e-02, -3.3468890e-03, -2.2768414e+00,
         2.0202703e+01, -6.7538078e+01,  9.9971046e+01, -6.7538078e+01,
         2.0202703e+01, -2.2768414e+00, -3.3468890e-03,  1.5712438e-02,
        -9.2631590e-04],
       [ 3.5059187e-03, -9.5889968e-04, -8.3760315e-01,  9.5430813e+00,
        -4.0963917e+01,  7.7857529e+01, -6.7538078e+01,  2.5940784e+01,
        -3.7538769e+00, -7.0853638e-03,  4.2710833e-02, -3.2331601e-03,
         9.2969836e-05],
       [-1.6663178e-04, -1.8689452e-01,  2.7341387e+00, -1.5069783e+01,
         3.6777294e+01, -4.0963917e+01,  2.0202703e+01, -3.7538769e+00,
        -9.0977876e-03,  7.0418261e-02, -6.8445997e-03,  2.5271819e-04,
        -4.1385347e-06],
       [-2.5293423e-02,  4.7512209e-01, -3.3625231e+00,  1.0536870e+01,
        -1.5069783e+01,  9.5430813e+00, -2.2768414e+00, -7.0853638e-03,
         7.0418261e-02, -8.7886406e-03,  4.1666187e-04, -8.7612780e-06,
         8.4080000e-08],
       [ 5.0077498e-02, -4.5506799e-01,  1.8310336e+00, -3.3625231e+00,
         2.7341387e+00, -8.3760315e-01, -3.3468890e-03,  4.2710833e-02,
        -6.8445997e-03,  4.1666187e-04, -1.1249704e-05,  1.3862447e-07,
        -7.5502493e-10],
       [-3.7354257e-02,  1.9298953e-01, -4.5506799e-01,  4.7512209e-01,
        -1.8689452e-01, -9.5889968e-04,  1.5712438e-02, -3.2331601e-03,
         2.5271819e-04, -8.7612780e-06,  1.3862447e-07, -9.6947128e-10,
         2.5325209e-12],
       [ 1.2337407e-02, -3.7354257e-02,  5.0077498e-02, -2.5293423e-02,
        -1.6663178e-04,  3.5059187e-03, -9.2631590e-04,  9.2969836e-05,
        -4.1385347e-06,  8.4080000e-08, -7.5502493e-10,  2.5325209e-12,
         3.4563627e-16]], dtype=float32), array([[ 3.77419411e-20, -1.67361170e-17,  2.69474453e-16,
         1.53772145e-12, -3.57036289e-10,  3.09649302e-08,
        -1.18699916e-06,  2.07669254e-05, -1.61144577e-04,
         4.74990346e-04, -1.75819550e-05, -2.07846775e-03,
         3.20482766e-03, -1.86178077e-03,  4.78893257e-04],
       [-1.67361170e-17,  3.46012033e-16,  2.53527407e-12,
        -7.55845775e-10,  8.41714112e-08, -4.14303395e-06,
         9.30709066e-05, -9.27322952e-04,  3.50973010e-03,
        -1.66812941e-04, -2.53209211e-02,  5.01319394e-02,
        -3.73948663e-02,  1.23508200e-02, -1.86178077e-03],
       [ 2.69474453e-16,  2.53527407e-12, -9.70525216e-10,
         1.38775178e-07, -8.77080311e-06,  2.52992933e-04,
        -3.23667517e-03,  1.57295186e-02, -9.59942176e-04,
        -1.87097713e-01,  4.75638628e-01, -4.55562711e-01,
         1.93199337e-01, -3.73948663e-02,  3.20482766e-03],
       [ 1.53772145e-12, -7.55845775e-10,  1.38775178e-07,
        -1.12619337e-05,  4.17114847e-04, -6.85204100e-03,
         4.27572690e-02, -3.35052772e-03, -8.38513732e-01,
         2.73711133e+00, -3.36617851e+00,  1.83302426e+00,
        -4.55562711e-01,  5.01319394e-02, -2.07846775e-03],
       [-3.57036289e-10,  8.41714112e-08, -8.77080311e-06,
         4.17114847e-04, -8.79819505e-03,  7.04948157e-02,
        -7.09306682e-03, -2.27931666e+00,  9.55345631e+00,
        -1.50861664e+01,  1.05483255e+01, -3.36617851e+00,
         4.75638628e-01, -2.53209211e-02, -1.75819550e-05],
       [ 3.09649302e-08, -4.14303395e-06,  2.52992933e-04,
        -6.85204100e-03,  7.04948157e-02, -9.10767820e-03,
        -3.75795794e+00,  2.02246685e+01, -4.10084496e+01,
         3.68172760e+01, -1.50861664e+01,  2.73711133e+00,
        -1.87097713e-01, -1.66812941e-04,  4.74990346e-04],
       [-1.18699916e-06,  9.30709066e-05, -3.23667517e-03,
         4.27572690e-02, -7.09306682e-03, -3.75795794e+00,
         2.59689865e+01, -6.76115036e+01,  7.79421768e+01,
        -4.10084496e+01,  9.55345631e+00, -8.38513732e-01,
        -9.59942176e-04,  3.50973010e-03, -1.61144577e-04],
       [ 2.07669254e-05, -9.27322952e-04,  1.57295186e-02,
        -3.35052772e-03, -2.27931666e+00,  2.02246685e+01,
        -6.76115036e+01,  1.00079735e+02, -6.76115036e+01,
         2.02246685e+01, -2.27931666e+00, -3.35052772e-03,
         1.57295186e-02, -9.27322952e-04,  2.07669254e-05],
       [-1.61144577e-04,  3.50973010e-03, -9.59942176e-04,
        -8.38513732e-01,  9.55345631e+00, -4.10084496e+01,
         7.79421768e+01, -6.76115036e+01,  2.59689865e+01,
        -3.75795794e+00, -7.09306682e-03,  4.27572690e-02,
        -3.23667517e-03,  9.30709066e-05, -1.18699916e-06],
       [ 4.74990346e-04, -1.66812941e-04, -1.87097713e-01,
         2.73711133e+00, -1.50861664e+01,  3.68172760e+01,
        -4.10084496e+01,  2.02246685e+01, -3.75795794e+00,
        -9.10767820e-03,  7.04948157e-02, -6.85204100e-03,
         2.52992933e-04, -4.14303395e-06,  3.09649302e-08],
       [-1.75819550e-05, -2.53209211e-02,  4.75638628e-01,
        -3.36617851e+00,  1.05483255e+01, -1.50861664e+01,
         9.55345631e+00, -2.27931666e+00, -7.09306682e-03,
         7.04948157e-02, -8.79819505e-03,  4.17114847e-04,
        -8.77080311e-06,  8.41714112e-08, -3.57036289e-10],
       [-2.07846775e-03,  5.01319394e-02, -4.55562711e-01,
         1.83302426e+00, -3.36617851e+00,  2.73711133e+00,
        -8.38513732e-01, -3.35052772e-03,  4.27572690e-02,
        -6.85204100e-03,  4.17114847e-04, -1.12619337e-05,
         1.38775178e-07, -7.55845775e-10,  1.53772145e-12],
       [ 3.20482766e-03, -3.73948663e-02,  1.93199337e-01,
        -4.55562711e-01,  4.75638628e-01, -1.87097713e-01,
        -9.59942176e-04,  1.57295186e-02, -3.23667517e-03,
         2.52992933e-04, -8.77080311e-06,  1.38775178e-07,
        -9.70525216e-10,  2.53527407e-12,  2.69474453e-16],
       [-1.86178077e-03,  1.23508200e-02, -3.73948663e-02,
         5.01319394e-02, -2.53209211e-02, -1.66812941e-04,
         3.50973010e-03, -9.27322952e-04,  9.30709066e-05,
        -4.14303395e-06,  8.41714112e-08, -7.55845775e-10,
         2.53527407e-12,  3.46012033e-16, -1.67361170e-17],
       [ 4.78893257e-04, -1.86178077e-03,  3.20482766e-03,
        -2.07846775e-03, -1.75819550e-05,  4.74990346e-04,
        -1.61144577e-04,  2.07669254e-05, -1.18699916e-06,
         3.09649302e-08, -3.57036289e-10,  1.53772145e-12,
         2.69474453e-16, -1.67361170e-17,  3.77419411e-20]], dtype=float32), array([[ 1.60495215e-26, -3.25886202e-23,  2.93967420e-20,
        -1.01521035e-17,  1.27304949e-16,  5.65759408e-13,
        -1.02304047e-10,  6.90998281e-09, -2.06292583e-07,
         2.81081202e-06, -1.69864124e-05,  3.89939451e-05,
        -1.12410248e-06, -1.03492392e-04,  1.24278566e-04,
        -5.62271962e-05,  1.12637499e-05],
       [-3.25886202e-23,  3.77461642e-20, -1.67379881e-17,
         2.69504576e-16,  1.53789351e-12, -3.57076230e-10,
         3.09683941e-08, -1.18713194e-06,  2.07692483e-05,
        -1.61162592e-04,  4.75043489e-04, -1.75839214e-05,
        -2.07870035e-03,  3.20518622e-03, -1.86198903e-03,
         4.78946808e-04, -5.62271962e-05],
       [ 2.93967420e-20, -1.67379881e-17,  3.46050731e-16,
         2.53555770e-12, -7.55930318e-10,  8.41808259e-08,
        -4.14349734e-06,  9.30813185e-05, -9.27426678e-04,
         3.51012289e-03, -1.66831596e-04, -2.53237542e-02,
         5.01375459e-02, -3.73990498e-02,  1.23522012e-02,
        -1.86198903e-03,  1.24278566e-04],
       [-1.01521035e-17,  2.69504576e-16,  2.53555770e-12,
        -9.70633796e-10,  1.38790710e-07, -8.77178445e-06,
         2.53021251e-04, -3.23703722e-03,  1.57312788e-02,
        -9.60049510e-04, -1.87118635e-01,  4.75691825e-01,
        -4.55613673e-01,  1.93220943e-01, -3.73990498e-02,
         3.20518622e-03, -1.03492392e-04],
       [ 1.27304949e-16,  1.53789351e-12, -7.55930318e-10,
         1.38790710e-07, -1.12631942e-05,  4.17161500e-04,
        -6.85280748e-03,  4.27620485e-02, -3.35090235e-03,
        -8.38607550e-01,  2.73741746e+00, -3.36655521e+00,
         1.83322930e+00, -4.55613673e-01,  5.01375459e-02,
        -2.07870035e-03, -1.12410248e-06],
       [ 5.65759408e-13, -3.57076230e-10,  8.41808259e-08,
        -8.77178445e-06,  4.17161500e-04, -8.79917946e-03,
         7.05027059e-02, -7.09385984e-03, -2.27957153e+00,
         9.55452538e+00, -1.50878534e+01,  1.05495052e+01,
        -3.36655521e+00,  4.75691825e-01, -2.53237542e-02,
        -1.75839214e-05,  3.89939451e-05],
       [-1.02304047e-10,  3.09683941e-08, -4.14349734e-06,
         2.53021251e-04, -6.85280748e-03,  7.05027059e-02,
        -9.10869706e-03, -3.75837827e+00,  2.02269306e+01,
        -4.10130386e+01,  3.68213959e+01, -1.50878534e+01,
         2.73741746e+00, -1.87118635e-01, -1.66831596e-04,
         4.75043489e-04, -1.69864124e-05],
       [ 6.90998281e-09, -1.18713194e-06,  9.30813185e-05,
        -3.23703722e-03,  4.27620485e-02, -7.09385984e-03,
        -3.75837827e+00,  2.59718914e+01, -6.76190643e+01,
         7.79508896e+01, -4.10130386e+01,  9.55452538e+00,
        -8.38607550e-01, -9.60049510e-04,  3.51012289e-03,
        -1.61162592e-04,  2.81081202e-06],
       [-2.06292583e-07,  2.07692483e-05, -9.27426678e-04,
         1.57312788e-02, -3.35090235e-03, -2.27957153e+00,
         2.02269306e+01, -6.76190643e+01,  1.00090927e+02,
        -6.76190643e+01,  2.02269306e+01, -2.27957153e+00,
        -3.35090235e-03,  1.57312788e-02, -9.27426678e-04,
         2.07692483e-05, -2.06292583e-07],
       [ 2.81081202e-06, -1.61162592e-04,  3.51012289e-03,
        -9.60049510e-04, -8.38607550e-01,  9.55452538e+00,
        -4.10130386e+01,  7.79508896e+01, -6.76190643e+01,
         2.59718914e+01, -3.75837827e+00, -7.09385984e-03,
         4.27620485e-02, -3.23703722e-03,  9.30813185e-05,
        -1.18713194e-06,  6.90998281e-09],
       [-1.69864124e-05,  4.75043489e-04, -1.66831596e-04,
        -1.87118635e-01,  2.73741746e+00, -1.50878534e+01,
         3.68213959e+01, -4.10130386e+01,  2.02269306e+01,
        -3.75837827e+00, -9.10869706e-03,  7.05027059e-02,
        -6.85280748e-03,  2.53021251e-04, -4.14349734e-06,
         3.09683941e-08, -1.02304047e-10],
       [ 3.89939451e-05, -1.75839214e-05, -2.53237542e-02,
         4.75691825e-01, -3.36655521e+00,  1.05495052e+01,
        -1.50878534e+01,  9.55452538e+00, -2.27957153e+00,
        -7.09385984e-03,  7.05027059e-02, -8.79917946e-03,
         4.17161500e-04, -8.77178445e-06,  8.41808259e-08,
        -3.57076230e-10,  5.65759408e-13],
       [-1.12410248e-06, -2.07870035e-03,  5.01375459e-02,
        -4.55613673e-01,  1.83322930e+00, -3.36655521e+00,
         2.73741746e+00, -8.38607550e-01, -3.35090235e-03,
         4.27620485e-02, -6.85280748e-03,  4.17161500e-04,
        -1.12631942e-05,  1.38790710e-07, -7.55930318e-10,
         1.53789351e-12,  1.27304949e-16],
       [-1.03492392e-04,  3.20518622e-03, -3.73990498e-02,
         1.93220943e-01, -4.55613673e-01,  4.75691825e-01,
        -1.87118635e-01, -9.60049510e-04,  1.57312788e-02,
        -3.23703722e-03,  2.53021251e-04, -8.77178445e-06,
         1.38790710e-07, -9.70633796e-10,  2.53555770e-12,
         2.69504576e-16, -1.01521035e-17],
       [ 1.24278566e-04, -1.86198903e-03,  1.23522012e-02,
        -3.73990498e-02,  5.01375459e-02, -2.53237542e-02,
        -1.66831596e-04,  3.51012289e-03, -9.27426678e-04,
         9.30813185e-05, -4.14349734e-06,  8.41808259e-08,
        -7.55930318e-10,  2.53555770e-12,  3.46050731e-16,
        -1.67379881e-17,  2.93967420e-20],
       [-5.62271962e-05,  4.78946808e-04, -1.86198903e-03,
         3.20518622e-03, -2.07870035e-03, -1.75839214e-05,
         4.75043489e-04, -1.61162592e-04,  2.07692483e-05,
        -1.18713194e-06,  3.09683941e-08, -3.57076230e-10,
         1.53789351e-12,  2.69504576e-16, -1.67379881e-17,
         3.77461642e-20, -3.25886202e-23],
       [ 1.12637499e-05, -5.62271962e-05,  1.24278566e-04,
        -1.03492392e-04, -1.12410248e-06,  3.89939451e-05,
        -1.69864124e-05,  2.81081202e-06, -2.06292583e-07,
         6.90998281e-09, -1.02304047e-10,  5.65759408e-13,
         1.27304949e-16, -1.01521035e-17,  2.93967420e-20,
        -3.25886202e-23,  1.60495215e-26]], dtype=float32), array([[-0.00035881, -0.00067035, -0.00097536, -0.00110522, -0.00097536,
        -0.00067035, -0.00035881],
       [-0.00482801, -0.00901992, -0.0131239 , -0.01487133, -0.0131239 ,
        -0.00901992, -0.00482801],
       [ 0.00731497,  0.01366617,  0.01988416,  0.0225317 ,  0.01988416,
         0.01366617,  0.00731497],
       [ 0.04251659,  0.07943146,  0.11557209,  0.13096033,  0.11557209,
         0.07943146,  0.04251659],
       [ 0.00731497,  0.01366617,  0.01988416,  0.0225317 ,  0.01988416,
         0.01366617,  0.00731497],
       [-0.00482801, -0.00901992, -0.0131239 , -0.01487133, -0.0131239 ,
        -0.00901992, -0.00482801],
       [-0.00035881, -0.00067035, -0.00097536, -0.00110522, -0.00097536,
        -0.00067035, -0.00035881]], dtype=float32), array([[ 2.29163879e-06,  5.49735569e-06,  1.02704134e-05,
         1.49433627e-05,  1.69330488e-05,  1.49433627e-05,
         1.02704134e-05,  5.49735569e-06,  2.29163879e-06],
       [-1.41274752e-04, -3.38900514e-04, -6.33149524e-04,
        -9.21227154e-04, -1.04388711e-03, -9.21227154e-04,
        -6.33149524e-04, -3.38900514e-04, -1.41274752e-04],
       [-1.90092309e-03, -4.56007710e-03, -8.51934589e-03,
        -1.23955756e-02, -1.40460273e-02, -1.23955756e-02,
        -8.51934589e-03, -4.56007710e-03, -1.90092309e-03],
       [ 2.88010761e-03,  6.90901931e-03,  1.29077472e-02,
         1.87806617e-02,  2.12812759e-02,  1.87806617e-02,
         1.29077472e-02,  6.90901931e-03,  2.88010761e-03],
       [ 1.67399645e-02,  4.01570871e-02,  7.50233158e-02,
         1.09158278e-01,  1.23692535e-01,  1.09158278e-01,
         7.50233158e-02,  4.01570871e-02,  1.67399645e-02],
       [ 2.88010761e-03,  6.90901931e-03,  1.29077472e-02,
         1.87806617e-02,  2.12812759e-02,  1.87806617e-02,
         1.29077472e-02,  6.90901931e-03,  2.88010761e-03],
       [-1.90092309e-03, -4.56007710e-03, -8.51934589e-03,
        -1.23955756e-02, -1.40460273e-02, -1.23955756e-02,
        -8.51934589e-03, -4.56007710e-03, -1.90092309e-03],
       [-1.41274752e-04, -3.38900514e-04, -6.33149524e-04,
        -9.21227154e-04, -1.04388711e-03, -9.21227154e-04,
        -6.33149524e-04, -3.38900514e-04, -1.41274752e-04],
       [ 2.29163879e-06,  5.49735569e-06,  1.02704134e-05,
         1.49433627e-05,  1.69330488e-05,  1.49433627e-05,
         1.02704134e-05,  5.49735569e-06,  2.29163879e-06]], dtype=float32), array([[ 1.97210195e-08,  6.07450161e-08,  1.45719710e-07,
         2.72240271e-07,  3.96107254e-07,  4.48848311e-07,
         3.96107254e-07,  2.72240271e-07,  1.45719710e-07,
         6.07450161e-08,  1.97210195e-08],
       [ 7.30868919e-07,  2.25123472e-06,  5.40043129e-06,
         1.00893349e-05,  1.46798948e-05,  1.66344998e-05,
         1.46798948e-05,  1.00893349e-05,  5.40043129e-06,
         2.25123472e-06,  7.30868919e-07],
       [-4.50565458e-05, -1.38783929e-04, -3.32925323e-04,
        -6.21986459e-04, -9.04984889e-04, -1.02548231e-03,
        -9.04984889e-04, -6.21986459e-04, -3.32925323e-04,
        -1.38783929e-04, -4.50565458e-05],
       [-6.06258574e-04, -1.86740770e-03, -4.47967835e-03,
        -8.36914126e-03, -1.21770287e-02, -1.37983812e-02,
        -1.21770287e-02, -8.36914126e-03, -4.47967835e-03,
        -1.86740770e-03, -6.06258574e-04],
       [ 9.18548438e-04,  2.82932818e-03,  6.78720558e-03,
         1.26801701e-02,  1.84495393e-02,  2.09060647e-02,
         1.84495393e-02,  1.26801701e-02,  6.78720558e-03,
         2.82932818e-03,  9.18548438e-04],
       [ 5.33885183e-03,  1.64448209e-02,  3.94490734e-02,
         7.37005770e-02,  1.07233703e-01,  1.21511705e-01,
         1.07233703e-01,  7.37005770e-02,  3.94490734e-02,
         1.64448209e-02,  5.33885183e-03],
       [ 9.18548438e-04,  2.82932818e-03,  6.78720558e-03,
         1.26801701e-02,  1.84495393e-02,  2.09060647e-02,
         1.84495393e-02,  1.26801701e-02,  6.78720558e-03,
         2.82932818e-03,  9.18548438e-04],
       [-6.06258574e-04, -1.86740770e-03, -4.47967835e-03,
        -8.36914126e-03, -1.21770287e-02, -1.37983812e-02,
        -1.21770287e-02, -8.36914126e-03, -4.47967835e-03,
        -1.86740770e-03, -6.06258574e-04],
       [-4.50565458e-05, -1.38783929e-04, -3.32925323e-04,
        -6.21986459e-04, -9.04984889e-04, -1.02548231e-03,
        -9.04984889e-04, -6.21986459e-04, -3.32925323e-04,
        -1.38783929e-04, -4.50565458e-05],
       [ 7.30868919e-07,  2.25123472e-06,  5.40043129e-06,
         1.00893349e-05,  1.46798948e-05,  1.66344998e-05,
         1.46798948e-05,  1.00893349e-05,  5.40043129e-06,
         2.25123472e-06,  7.30868919e-07],
       [ 1.97210195e-08,  6.07450161e-08,  1.45719710e-07,
         2.72240271e-07,  3.96107254e-07,  4.48848311e-07,
         3.96107254e-07,  2.72240271e-07,  1.45719710e-07,
         6.07450161e-08,  1.97210195e-08]], dtype=float32), array([[ 3.15711563e-12,  1.24866341e-11,  3.84615395e-11,
         9.22644391e-11,  1.72372672e-10,  2.50800769e-10,
         2.84194474e-10,  2.50800769e-10,  1.72372672e-10,
         9.22644391e-11,  3.84615395e-11,  1.24866341e-11,
         3.15711563e-12],
       [ 4.96413310e-09,  1.96335268e-08,  6.04755215e-08,
         1.45073230e-07,  2.71032491e-07,  3.94349911e-07,
         4.46857001e-07,  3.94349911e-07,  2.71032491e-07,
         1.45073230e-07,  6.04755215e-08,  1.96335268e-08,
         4.96413310e-09],
       [ 1.83972773e-07,  7.27626400e-07,  2.24124710e-06,
         5.37647247e-06,  1.00445732e-05,  1.46147677e-05,
         1.65607016e-05,  1.46147677e-05,  1.00445732e-05,
         5.37647247e-06,  2.24124710e-06,  7.27626400e-07,
         1.83972773e-07],
       [-1.13415372e-05, -4.48566534e-05, -1.38168209e-04,
        -3.31448304e-04, -6.19227008e-04, -9.00969957e-04,
        -1.02093269e-03, -9.00969957e-04, -6.19227008e-04,
        -3.31448304e-04, -1.38168209e-04, -4.48566534e-05,
        -1.13415372e-05],
       [-1.52606124e-04, -6.03568915e-04, -1.85912300e-03,
        -4.45980439e-03, -8.33201129e-03, -1.21230055e-02,
        -1.37371644e-02, -1.21230055e-02, -8.33201129e-03,
        -4.45980439e-03, -1.85912300e-03, -6.03568915e-04,
        -1.52606124e-04],
       [ 2.31215061e-04,  9.14473319e-04,  2.81677581e-03,
         6.75709452e-03,  1.26239145e-02,  1.83676872e-02,
         2.08133142e-02,  1.83676872e-02,  1.26239145e-02,
         6.75709452e-03,  2.81677581e-03,  9.14473319e-04,
         2.31215061e-04],
       [ 1.34388439e-03,  5.31516597e-03,  1.63718630e-02,
         3.92740592e-02,  7.33736008e-02,  1.06757961e-01,
         1.20972618e-01,  1.06757961e-01,  7.33736008e-02,
         3.92740592e-02,  1.63718630e-02,  5.31516597e-03,
         1.34388439e-03],
       [ 2.31215061e-04,  9.14473319e-04,  2.81677581e-03,
         6.75709452e-03,  1.26239145e-02,  1.83676872e-02,
         2.08133142e-02,  1.83676872e-02,  1.26239145e-02,
         6.75709452e-03,  2.81677581e-03,  9.14473319e-04,
         2.31215061e-04],
       [-1.52606124e-04, -6.03568915e-04, -1.85912300e-03,
        -4.45980439e-03, -8.33201129e-03, -1.21230055e-02,
        -1.37371644e-02, -1.21230055e-02, -8.33201129e-03,
        -4.45980439e-03, -1.85912300e-03, -6.03568915e-04,
        -1.52606124e-04],
       [-1.13415372e-05, -4.48566534e-05, -1.38168209e-04,
        -3.31448304e-04, -6.19227008e-04, -9.00969957e-04,
        -1.02093269e-03, -9.00969957e-04, -6.19227008e-04,
        -3.31448304e-04, -1.38168209e-04, -4.48566534e-05,
        -1.13415372e-05],
       [ 1.83972773e-07,  7.27626400e-07,  2.24124710e-06,
         5.37647247e-06,  1.00445732e-05,  1.46147677e-05,
         1.65607016e-05,  1.46147677e-05,  1.00445732e-05,
         5.37647247e-06,  2.24124710e-06,  7.27626400e-07,
         1.83972773e-07],
       [ 4.96413310e-09,  1.96335268e-08,  6.04755215e-08,
         1.45073230e-07,  2.71032491e-07,  3.94349911e-07,
         4.46857001e-07,  3.94349911e-07,  2.71032491e-07,
         1.45073230e-07,  6.04755215e-08,  1.96335268e-08,
         4.96413310e-09],
       [ 3.15711563e-12,  1.24866341e-11,  3.84615395e-11,
         9.22644391e-11,  1.72372672e-10,  2.50800769e-10,
         2.84194474e-10,  2.50800769e-10,  1.72372672e-10,
         9.22644391e-11,  3.84615395e-11,  1.24866341e-11,
         3.15711563e-12]], dtype=float32), array([[-5.47091466e-15, -2.77835955e-14, -1.09886255e-13,
        -3.38473498e-13, -8.11955700e-13, -1.51693296e-12,
        -2.20712446e-12, -2.50099962e-12, -2.20712446e-12,
        -1.51693296e-12, -8.11955700e-13, -3.38473498e-13,
        -1.09886255e-13, -2.77835955e-14, -5.47091466e-15],
       [ 6.21130372e-13,  3.15436045e-12,  1.24757375e-11,
         3.84279761e-11,  9.21839202e-11,  1.72222236e-10,
         2.50581889e-10,  2.83946450e-10,  2.50581889e-10,
         1.72222236e-10,  9.21839202e-11,  3.84279761e-11,
         1.24757375e-11,  3.15436045e-12,  6.21130372e-13],
       [ 9.76642767e-10,  4.95980057e-09,  1.96163921e-08,
         6.04227424e-08,  1.44946625e-07,  2.70795965e-07,
         3.94005781e-07,  4.46467027e-07,  3.94005781e-07,
         2.70795965e-07,  1.44946625e-07,  6.04227424e-08,
         1.96163921e-08,  4.95980057e-09,  9.76642767e-10],
       [ 3.61947734e-08,  1.83812219e-07,  7.26991402e-07,
         2.23929123e-06,  5.37178039e-06,  1.00358075e-05,
         1.46020138e-05,  1.65462498e-05,  1.46020138e-05,
         1.00358075e-05,  5.37178039e-06,  2.23929123e-06,
         7.26991402e-07,  1.83812219e-07,  3.61947734e-08],
       [-2.23133225e-06, -1.13316401e-05, -4.48175088e-05,
        -1.38047631e-04, -3.31159070e-04, -6.18686609e-04,
        -9.00183688e-04, -1.02004176e-03, -9.00183688e-04,
        -6.18686609e-04, -3.31159070e-04, -1.38047631e-04,
        -4.48175088e-05, -1.13316401e-05, -2.23133225e-06],
       [-3.00237007e-05, -1.52472945e-04, -6.03042135e-04,
        -1.85750052e-03, -4.45591193e-03, -8.32474045e-03,
        -1.21124256e-02, -1.37251765e-02, -1.21124256e-02,
        -8.32474045e-03, -4.45591193e-03, -1.85750052e-03,
        -6.03042135e-04, -1.52472945e-04, -3.00237007e-05],
       [ 4.54892106e-05,  2.31013284e-04,  9.13675234e-04,
         2.81431782e-03,  6.75119739e-03,  1.26128979e-02,
         1.83516573e-02,  2.07951516e-02,  1.83516573e-02,
         1.26128979e-02,  6.75119739e-03,  2.81431782e-03,
         9.13675234e-04,  2.31013284e-04,  4.54892106e-05],
       [ 2.64395581e-04,  1.34271150e-03,  5.31052751e-03,
         1.63575746e-02,  3.92397828e-02,  7.33095706e-02,
         1.06664792e-01,  1.20867044e-01,  1.06664792e-01,
         7.33095706e-02,  3.92397828e-02,  1.63575746e-02,
         5.31052751e-03,  1.34271150e-03,  2.64395581e-04],
       [ 4.54892106e-05,  2.31013284e-04,  9.13675234e-04,
         2.81431782e-03,  6.75119739e-03,  1.26128979e-02,
         1.83516573e-02,  2.07951516e-02,  1.83516573e-02,
         1.26128979e-02,  6.75119739e-03,  2.81431782e-03,
         9.13675234e-04,  2.31013284e-04,  4.54892106e-05],
       [-3.00237007e-05, -1.52472945e-04, -6.03042135e-04,
        -1.85750052e-03, -4.45591193e-03, -8.32474045e-03,
        -1.21124256e-02, -1.37251765e-02, -1.21124256e-02,
        -8.32474045e-03, -4.45591193e-03, -1.85750052e-03,
        -6.03042135e-04, -1.52472945e-04, -3.00237007e-05],
       [-2.23133225e-06, -1.13316401e-05, -4.48175088e-05,
        -1.38047631e-04, -3.31159070e-04, -6.18686609e-04,
        -9.00183688e-04, -1.02004176e-03, -9.00183688e-04,
        -6.18686609e-04, -3.31159070e-04, -1.38047631e-04,
        -4.48175088e-05, -1.13316401e-05, -2.23133225e-06],
       [ 3.61947734e-08,  1.83812219e-07,  7.26991402e-07,
         2.23929123e-06,  5.37178039e-06,  1.00358075e-05,
         1.46020138e-05,  1.65462498e-05,  1.46020138e-05,
         1.00358075e-05,  5.37178039e-06,  2.23929123e-06,
         7.26991402e-07,  1.83812219e-07,  3.61947734e-08],
       [ 9.76642767e-10,  4.95980057e-09,  1.96163921e-08,
         6.04227424e-08,  1.44946625e-07,  2.70795965e-07,
         3.94005781e-07,  4.46467027e-07,  3.94005781e-07,
         2.70795965e-07,  1.44946625e-07,  6.04227424e-08,
         1.96163921e-08,  4.95980057e-09,  9.76642767e-10],
       [ 6.21130372e-13,  3.15436045e-12,  1.24757375e-11,
         3.84279761e-11,  9.21839202e-11,  1.72222236e-10,
         2.50581889e-10,  2.83946450e-10,  2.50581889e-10,
         1.72222236e-10,  9.21839202e-11,  3.84279761e-11,
         1.24757375e-11,  3.15436045e-12,  6.21130372e-13],
       [-5.47091466e-15, -2.77835955e-14, -1.09886255e-13,
        -3.38473498e-13, -8.11955700e-13, -1.51693296e-12,
        -2.20712446e-12, -2.50099962e-12, -2.20712446e-12,
        -1.51693296e-12, -8.11955700e-13, -3.38473498e-13,
        -1.09886255e-13, -2.77835955e-14, -5.47091466e-15]], dtype=float32), array([[-3.42417593e-19, -2.23284316e-18, -1.13393136e-17,
        -4.48478535e-17, -1.38141108e-16, -3.31383324e-16,
        -6.19105540e-16, -9.00793281e-16, -1.02073251e-15,
        -9.00793281e-16, -6.19105540e-16, -3.31383324e-16,
        -1.38141108e-16, -4.48478535e-17, -1.13393136e-17,
        -2.23284316e-18, -3.42417593e-19],
       [-8.38879726e-16, -5.47018324e-15, -2.77798821e-14,
        -1.09871564e-13, -3.38428233e-13, -8.11847117e-13,
        -1.51673021e-12, -2.20682934e-12, -2.50066526e-12,
        -2.20682934e-12, -1.51673021e-12, -8.11847117e-13,
        -3.38428233e-13, -1.09871564e-13, -2.77798821e-14,
        -5.47018324e-15, -8.38879726e-16],
       [ 9.52406963e-14,  6.21047322e-13,  3.15393870e-12,
         1.24740695e-11,  3.84228378e-11,  9.21715967e-11,
         1.72199213e-10,  2.50548388e-10,  2.83908508e-10,
         2.50548388e-10,  1.72199213e-10,  9.21715967e-11,
         3.84228378e-11,  1.24740695e-11,  3.15393870e-12,
         6.21047322e-13,  9.52406963e-14],
       [ 1.49752974e-10,  9.76512204e-10,  4.95913755e-09,
         1.96137702e-08,  6.04146635e-08,  1.44927242e-07,
         2.70759756e-07,  3.93953087e-07,  4.46407341e-07,
         3.93953087e-07,  2.70759756e-07,  1.44927242e-07,
         6.04146635e-08,  1.96137702e-08,  4.95913755e-09,
         9.76512204e-10,  1.49752974e-10],
       [ 5.54990587e-09,  3.61899346e-08,  1.83787648e-07,
         7.26894257e-07,  2.23899178e-06,  5.37106234e-06,
         1.00344660e-05,  1.46000611e-05,  1.65440379e-05,
         1.46000611e-05,  1.00344660e-05,  5.37106234e-06,
         2.23899178e-06,  7.26894257e-07,  1.83787648e-07,
         3.61899346e-08,  5.54990587e-09],
       [-3.42140140e-07, -2.23103393e-06, -1.13301248e-05,
        -4.48115170e-05, -1.38029180e-04, -3.31114774e-04,
        -6.18603895e-04, -9.00063314e-04, -1.01990544e-03,
        -9.00063314e-04, -6.18603895e-04, -3.31114774e-04,
        -1.38029180e-04, -4.48115170e-05, -1.13301248e-05,
        -2.23103393e-06, -3.42140140e-07],
       [-4.60366800e-06, -3.00196862e-05, -1.52452558e-04,
        -6.02961518e-04, -1.85725221e-03, -4.45531635e-03,
        -8.32362752e-03, -1.21108061e-02, -1.37233408e-02,
        -1.21108061e-02, -8.32362752e-03, -4.45531635e-03,
        -1.85725221e-03, -6.02961518e-04, -1.52452558e-04,
        -3.00196862e-05, -4.60366800e-06],
       [ 6.97506403e-06,  4.54831279e-05,  2.30982390e-04,
         9.13553115e-04,  2.81394157e-03,  6.75029494e-03,
         1.26112113e-02,  1.83492042e-02,  2.07923707e-02,
         1.83492042e-02,  1.26112113e-02,  6.75029494e-03,
         2.81394157e-03,  9.13553115e-04,  2.30982390e-04,
         4.54831279e-05,  6.97506403e-06],
       [ 4.05409555e-05,  2.64360249e-04,  1.34253199e-03,
         5.30981738e-03,  1.63553879e-02,  3.92345376e-02,
         7.32997656e-02,  1.06650531e-01,  1.20850883e-01,
         1.06650531e-01,  7.32997656e-02,  3.92345376e-02,
         1.63553879e-02,  5.30981738e-03,  1.34253199e-03,
         2.64360249e-04,  4.05409555e-05],
       [ 6.97506403e-06,  4.54831279e-05,  2.30982390e-04,
         9.13553115e-04,  2.81394157e-03,  6.75029494e-03,
         1.26112113e-02,  1.83492042e-02,  2.07923707e-02,
         1.83492042e-02,  1.26112113e-02,  6.75029494e-03,
         2.81394157e-03,  9.13553115e-04,  2.30982390e-04,
         4.54831279e-05,  6.97506403e-06],
       [-4.60366800e-06, -3.00196862e-05, -1.52452558e-04,
        -6.02961518e-04, -1.85725221e-03, -4.45531635e-03,
        -8.32362752e-03, -1.21108061e-02, -1.37233408e-02,
        -1.21108061e-02, -8.32362752e-03, -4.45531635e-03,
        -1.85725221e-03, -6.02961518e-04, -1.52452558e-04,
        -3.00196862e-05, -4.60366800e-06],
       [-3.42140140e-07, -2.23103393e-06, -1.13301248e-05,
        -4.48115170e-05, -1.38029180e-04, -3.31114774e-04,
        -6.18603895e-04, -9.00063314e-04, -1.01990544e-03,
        -9.00063314e-04, -6.18603895e-04, -3.31114774e-04,
        -1.38029180e-04, -4.48115170e-05, -1.13301248e-05,
        -2.23103393e-06, -3.42140140e-07],
       [ 5.54990587e-09,  3.61899346e-08,  1.83787648e-07,
         7.26894257e-07,  2.23899178e-06,  5.37106234e-06,
         1.00344660e-05,  1.46000611e-05,  1.65440379e-05,
         1.46000611e-05,  1.00344660e-05,  5.37106234e-06,
         2.23899178e-06,  7.26894257e-07,  1.83787648e-07,
         3.61899346e-08,  5.54990587e-09],
       [ 1.49752974e-10,  9.76512204e-10,  4.95913755e-09,
         1.96137702e-08,  6.04146635e-08,  1.44927242e-07,
         2.70759756e-07,  3.93953087e-07,  4.46407341e-07,
         3.93953087e-07,  2.70759756e-07,  1.44927242e-07,
         6.04146635e-08,  1.96137702e-08,  4.95913755e-09,
         9.76512204e-10,  1.49752974e-10],
       [ 9.52406963e-14,  6.21047322e-13,  3.15393870e-12,
         1.24740695e-11,  3.84228378e-11,  9.21715967e-11,
         1.72199213e-10,  2.50548388e-10,  2.83908508e-10,
         2.50548388e-10,  1.72199213e-10,  9.21715967e-11,
         3.84228378e-11,  1.24740695e-11,  3.15393870e-12,
         6.21047322e-13,  9.52406963e-14],
       [-8.38879726e-16, -5.47018324e-15, -2.77798821e-14,
        -1.09871564e-13, -3.38428233e-13, -8.11847117e-13,
        -1.51673021e-12, -2.20682934e-12, -2.50066526e-12,
        -2.20682934e-12, -1.51673021e-12, -8.11847117e-13,
        -3.38428233e-13, -1.09871564e-13, -2.77798821e-14,
        -5.47018324e-15, -8.38879726e-16],
       [-3.42417593e-19, -2.23284316e-18, -1.13393136e-17,
        -4.48478535e-17, -1.38141108e-16, -3.31383324e-16,
        -6.19105540e-16, -9.00793281e-16, -1.02073251e-15,
        -9.00793281e-16, -6.19105540e-16, -3.31383324e-16,
        -1.38141108e-16, -4.48478535e-17, -1.13393136e-17,
        -2.23284316e-18, -3.42417593e-19]], dtype=float32), array([[ 2.3519666e+00, -3.3637717e+00,  2.1301401e+00, -5.0822061e-01,
        -1.5815453e-03,  1.5718272e-02, -1.9617390e-03],
       [-3.3637717e+00,  8.2091703e+00, -9.1436787e+00,  4.5095067e+00,
        -8.3791417e-01, -2.0307445e-03,  1.5718272e-02],
       [ 2.1301401e+00, -9.1436787e+00,  1.7378813e+01, -1.5075378e+01,
         5.7903209e+00, -8.3791417e-01, -1.5815453e-03],
       [-5.0822061e-01,  4.5095067e+00, -1.5075378e+01,  2.2314838e+01,
        -1.5075378e+01,  4.5095067e+00, -5.0822061e-01],
       [-1.5815453e-03, -8.3791417e-01,  5.7903209e+00, -1.5075378e+01,
         1.7378813e+01, -9.1436787e+00,  2.1301401e+00],
       [ 1.5718272e-02, -2.0307445e-03, -8.3791417e-01,  4.5095067e+00,
        -9.1436787e+00,  8.2091703e+00, -3.3637717e+00],
       [-1.9617390e-03,  1.5718272e-02, -1.5815453e-03, -5.0822061e-01,
         2.1301401e+00, -3.3637717e+00,  2.3519666e+00]], dtype=float32), array([[ 1.33180153e+00, -2.44572949e+00,  1.98867464e+00,
        -6.09230280e-01, -2.43435823e-03,  3.10657062e-02,
        -4.97841695e-03,  3.03058827e-04, -8.18246735e-06],
       [-2.44572949e+00,  7.66398811e+00, -1.09609995e+01,
         6.94115639e+00, -1.65605950e+00, -5.15353633e-03,
         5.12186922e-02, -6.39241375e-03,  3.03058827e-04],
       [ 1.98867464e+00, -1.09609995e+01,  2.67499485e+01,
        -2.97950859e+01,  1.46944284e+01, -2.73038077e+00,
        -6.61727134e-03,  5.12186922e-02, -4.97841695e-03],
       [-6.09230280e-01,  6.94115639e+00, -2.97950859e+01,
         5.66296387e+01, -4.91237907e+01,  1.88680191e+01,
        -2.73038077e+00, -5.15353633e-03,  3.10657062e-02],
       [-2.43435823e-03, -1.65605950e+00,  1.46944284e+01,
        -4.91237907e+01,  7.27138977e+01, -4.91237907e+01,
         1.46944284e+01, -1.65605950e+00, -2.43435823e-03],
       [ 3.10657062e-02, -5.15353633e-03, -2.73038077e+00,
         1.88680191e+01, -4.91237907e+01,  5.66296387e+01,
        -2.97950859e+01,  6.94115639e+00, -6.09230280e-01],
       [-4.97841695e-03,  5.12186922e-02, -6.61727134e-03,
        -2.73038077e+00,  1.46944284e+01, -2.97950859e+01,
         2.67499485e+01, -1.09609995e+01,  1.98867464e+00],
       [ 3.03058827e-04, -6.39241375e-03,  5.12186922e-02,
        -5.15353633e-03, -1.65605950e+00,  6.94115639e+00,
        -1.09609995e+01,  7.66398811e+00, -2.44572949e+00],
       [-8.18246735e-06,  3.03058827e-04, -4.97841695e-03,
         3.10657062e-02, -2.43435823e-03, -6.09230280e-01,
         1.98867464e+00, -2.44572949e+00,  1.33180153e+00]], dtype=float32), array([[ 1.8858318e-01, -4.4467786e-01,  4.6427408e-01, -1.8262734e-01,
        -9.3700603e-04,  1.5353691e-02, -3.1593405e-03,  2.4694813e-04,
        -8.5612401e-06,  1.3545940e-07, -9.4733632e-10],
       [-4.4467786e-01,  1.7892274e+00, -3.2857497e+00,  2.6717129e+00,
        -8.1847894e-01, -3.2704729e-03,  4.1735660e-02, -6.6883238e-03,
         4.0714862e-04, -1.0992851e-05,  1.3545940e-07],
       [ 4.6427408e-01, -3.2857497e+00,  1.0296292e+01, -1.4725709e+01,
         9.3251934e+00, -2.2248564e+00, -6.9235903e-03,  6.8810470e-02,
        -8.5879778e-03,  4.0714862e-04, -8.5612401e-06],
       [-1.8262734e-01,  2.6717129e+00, -1.4725709e+01,  3.5937592e+01,
        -4.0028625e+01,  1.9741436e+01, -3.6681683e+00, -8.8900663e-03,
         6.8810470e-02, -6.6883238e-03,  2.4694813e-04],
       [-9.3700603e-04, -8.1847894e-01,  9.3251934e+00, -4.0028625e+01,
         7.6079887e+01, -6.5996048e+01,  2.5348505e+01, -3.6681683e+00,
        -6.9235903e-03,  4.1735660e-02, -3.1593405e-03],
       [ 1.5353691e-02, -3.2704729e-03, -2.2248564e+00,  1.9741436e+01,
        -6.5996048e+01,  9.7688507e+01, -6.5996048e+01,  1.9741436e+01,
        -2.2248564e+00, -3.2704729e-03,  1.5353691e-02],
       [-3.1593405e-03,  4.1735660e-02, -6.9235903e-03, -3.6681683e+00,
         2.5348505e+01, -6.5996048e+01,  7.6079887e+01, -4.0028625e+01,
         9.3251934e+00, -8.1847894e-01, -9.3700603e-04],
       [ 2.4694813e-04, -6.6883238e-03,  6.8810470e-02, -8.8900663e-03,
        -3.6681683e+00,  1.9741436e+01, -4.0028625e+01,  3.5937592e+01,
        -1.4725709e+01,  2.6717129e+00, -1.8262734e-01],
       [-8.5612401e-06,  4.0714862e-04, -8.5879778e-03,  6.8810470e-02,
        -6.9235903e-03, -2.2248564e+00,  9.3251934e+00, -1.4725709e+01,
         1.0296292e+01, -3.2857497e+00,  4.6427408e-01],
       [ 1.3545940e-07, -1.0992851e-05,  4.0714862e-04, -6.6883238e-03,
         4.1735660e-02, -3.2704729e-03, -8.1847894e-01,  2.6717129e+00,
        -3.2857497e+00,  1.7892274e+00, -4.4467786e-01],
       [-9.4733632e-10,  1.3545940e-07, -8.5612401e-06,  2.4694813e-04,
        -3.1593405e-03,  1.5353691e-02, -9.3700603e-04, -1.8262734e-01,
         4.6427408e-01, -4.4467786e-01,  1.8858318e-01]], dtype=float32), array([[ 1.23377955e-02, -3.73554304e-02,  5.00790738e-02,
        -2.52942182e-02, -1.66637037e-04,  3.50602902e-03,
        -9.26345063e-04,  9.29727612e-05, -4.13866474e-06,
         8.40826431e-08, -7.55048690e-10,  2.53260043e-12,
         3.45647147e-16],
       [-3.73554304e-02,  1.92995593e-01, -4.55082327e-01,
         4.75137025e-01, -1.86900407e-01, -9.58929886e-04,
         1.57129318e-02, -3.23326187e-03,  2.52726168e-04,
        -8.76155354e-06,  1.38628835e-07, -9.69501812e-10,
         2.53260043e-12],
       [ 5.00790738e-02, -4.55082327e-01,  1.83109128e+00,
        -3.36262870e+00,  2.73422480e+00, -8.37629497e-01,
        -3.34699429e-03,  4.27121781e-02, -6.84481533e-03,
         4.16674971e-04, -1.12500575e-05,  1.38628835e-07,
        -7.55048690e-10],
       [-2.52942182e-02,  4.75137025e-01, -3.36262870e+00,
         1.05372019e+01, -1.50702572e+01,  9.54338169e+00,
        -2.27691293e+00, -7.08558643e-03,  7.04204813e-02,
        -8.78891721e-03,  4.16674971e-04, -8.76155354e-06,
         8.40826431e-08],
       [-1.66637037e-04, -1.86900407e-01,  2.73422480e+00,
        -1.50702572e+01,  3.67784500e+01, -4.09652061e+01,
         2.02033405e+01, -3.75399494e+00, -9.09807347e-03,
         7.04204813e-02, -6.84481533e-03,  2.52726168e-04,
        -4.13866474e-06],
       [ 3.50602902e-03, -9.58929886e-04, -8.37629497e-01,
         9.54338169e+00, -4.09652061e+01,  7.78599777e+01,
        -6.75402069e+01,  2.59416008e+01, -3.75399494e+00,
        -7.08558643e-03,  4.27121781e-02, -3.23326187e-03,
         9.29727612e-05],
       [-9.26345063e-04,  1.57129318e-02, -3.34699429e-03,
        -2.27691293e+00,  2.02033405e+01, -6.75402069e+01,
         9.99741898e+01, -6.75402069e+01,  2.02033405e+01,
        -2.27691293e+00, -3.34699429e-03,  1.57129318e-02,
        -9.26345063e-04],
       [ 9.29727612e-05, -3.23326187e-03,  4.27121781e-02,
        -7.08558643e-03, -3.75399494e+00,  2.59416008e+01,
        -6.75402069e+01,  7.78599777e+01, -4.09652061e+01,
         9.54338169e+00, -8.37629497e-01, -9.58929886e-04,
         3.50602902e-03],
       [-4.13866474e-06,  2.52726168e-04, -6.84481533e-03,
         7.04204813e-02, -9.09807347e-03, -3.75399494e+00,
         2.02033405e+01, -4.09652061e+01,  3.67784500e+01,
        -1.50702572e+01,  2.73422480e+00, -1.86900407e-01,
        -1.66637037e-04],
       [ 8.40826431e-08, -8.76155354e-06,  4.16674971e-04,
        -8.78891721e-03,  7.04204813e-02, -7.08558643e-03,
        -2.27691293e+00,  9.54338169e+00, -1.50702572e+01,
         1.05372019e+01, -3.36262870e+00,  4.75137025e-01,
        -2.52942182e-02],
       [-7.55048690e-10,  1.38628835e-07, -1.12500575e-05,
         4.16674971e-04, -6.84481533e-03,  4.27121781e-02,
        -3.34699429e-03, -8.37629497e-01,  2.73422480e+00,
        -3.36262870e+00,  1.83109128e+00, -4.55082327e-01,
         5.00790738e-02],
       [ 2.53260043e-12, -9.69501812e-10,  1.38628835e-07,
        -8.76155354e-06,  2.52726168e-04, -3.23326187e-03,
         1.57129318e-02, -9.58929886e-04, -1.86900407e-01,
         4.75137025e-01, -4.55082327e-01,  1.92995593e-01,
        -3.73554304e-02],
       [ 3.45647147e-16,  2.53260043e-12, -7.55048690e-10,
         8.40826431e-08, -4.13866474e-06,  9.29727612e-05,
        -9.26345063e-04,  3.50602902e-03, -1.66637037e-04,
        -2.52942182e-02,  5.00790738e-02, -3.73554304e-02,
         1.23377955e-02]], dtype=float32), array([[ 4.78891103e-04, -1.86177250e-03,  3.20481323e-03,
        -2.07845843e-03, -1.75818750e-05,  4.74988221e-04,
        -1.61143849e-04,  2.07668327e-05, -1.18699381e-06,
         3.09647916e-08, -3.57034680e-10,  1.53771462e-12,
         2.69473235e-16, -1.67360426e-17,  3.77417730e-20],
       [-1.86177250e-03,  1.23507641e-02, -3.73946987e-02,
         5.01317158e-02, -2.53208075e-02, -1.66812199e-04,
         3.50971450e-03, -9.27318819e-04,  9.30704919e-05,
        -4.14301530e-06,  8.41710346e-08, -7.55842389e-10,
         2.53526280e-12,  3.46010471e-16, -1.67360426e-17],
       [ 3.20481323e-03, -3.73946987e-02,  1.93198472e-01,
        -4.55560684e-01,  4.75636482e-01, -1.87096879e-01,
        -9.59937868e-04,  1.57294497e-02, -3.23666073e-03,
         2.52991827e-04, -8.77076400e-06,  1.38774567e-07,
        -9.70520886e-10,  2.53526280e-12,  2.69473235e-16],
       [-2.07845843e-03,  5.01317158e-02, -4.55560684e-01,
         1.83301604e+00, -3.36616349e+00,  2.73709893e+00,
        -8.38509977e-01, -3.35051259e-03,  4.27570753e-02,
        -6.85201026e-03,  4.17112984e-04, -1.12618836e-05,
         1.38774567e-07, -7.55842389e-10,  1.53771462e-12],
       [-1.75818750e-05, -2.53208075e-02,  4.75636482e-01,
        -3.36616349e+00,  1.05482788e+01, -1.50860987e+01,
         9.55341339e+00, -2.27930641e+00, -7.09303468e-03,
         7.04945028e-02, -8.79815593e-03,  4.17112984e-04,
        -8.77076400e-06,  8.41710346e-08, -3.57034680e-10],
       [ 4.74988221e-04, -1.66812199e-04, -1.87096879e-01,
         2.73709893e+00, -1.50860987e+01,  3.68171120e+01,
        -4.10082664e+01,  2.02245770e+01, -3.75794125e+00,
        -9.10763722e-03,  7.04945028e-02, -6.85201026e-03,
         2.52991827e-04, -4.14301530e-06,  3.09647916e-08],
       [-1.61143849e-04,  3.50971450e-03, -9.59937868e-04,
        -8.38509977e-01,  9.55341339e+00, -4.10082664e+01,
         7.79418259e+01, -6.76111984e+01,  2.59688702e+01,
        -3.75794125e+00, -7.09303468e-03,  4.27570753e-02,
        -3.23666073e-03,  9.30704919e-05, -1.18699381e-06],
       [ 2.07668327e-05, -9.27318819e-04,  1.57294497e-02,
        -3.35051259e-03, -2.27930641e+00,  2.02245770e+01,
        -6.76111984e+01,  1.00079285e+02, -6.76111984e+01,
         2.02245770e+01, -2.27930641e+00, -3.35051259e-03,
         1.57294497e-02, -9.27318819e-04,  2.07668327e-05],
       [-1.18699381e-06,  9.30704919e-05, -3.23666073e-03,
         4.27570753e-02, -7.09303468e-03, -3.75794125e+00,
         2.59688702e+01, -6.76111984e+01,  7.79418259e+01,
        -4.10082664e+01,  9.55341339e+00, -8.38509977e-01,
        -9.59937868e-04,  3.50971450e-03, -1.61143849e-04],
       [ 3.09647916e-08, -4.14301530e-06,  2.52991827e-04,
        -6.85201026e-03,  7.04945028e-02, -9.10763722e-03,
        -3.75794125e+00,  2.02245770e+01, -4.10082664e+01,
         3.68171120e+01, -1.50860987e+01,  2.73709893e+00,
        -1.87096879e-01, -1.66812199e-04,  4.74988221e-04],
       [-3.57034680e-10,  8.41710346e-08, -8.77076400e-06,
         4.17112984e-04, -8.79815593e-03,  7.04945028e-02,
        -7.09303468e-03, -2.27930641e+00,  9.55341339e+00,
        -1.50860987e+01,  1.05482788e+01, -3.36616349e+00,
         4.75636482e-01, -2.53208075e-02, -1.75818750e-05],
       [ 1.53771462e-12, -7.55842389e-10,  1.38774567e-07,
        -1.12618836e-05,  4.17112984e-04, -6.85201026e-03,
         4.27570753e-02, -3.35051259e-03, -8.38509977e-01,
         2.73709893e+00, -3.36616349e+00,  1.83301604e+00,
        -4.55560684e-01,  5.01317158e-02, -2.07845843e-03],
       [ 2.69473235e-16,  2.53526280e-12, -9.70520886e-10,
         1.38774567e-07, -8.77076400e-06,  2.52991827e-04,
        -3.23666073e-03,  1.57294497e-02, -9.59937868e-04,
        -1.87096879e-01,  4.75636482e-01, -4.55560684e-01,
         1.93198472e-01, -3.73946987e-02,  3.20481323e-03],
       [-1.67360426e-17,  3.46010471e-16,  2.53526280e-12,
        -7.55842389e-10,  8.41710346e-08, -4.14301530e-06,
         9.30704919e-05, -9.27318819e-04,  3.50971450e-03,
        -1.66812199e-04, -2.53208075e-02,  5.01317158e-02,
        -3.73946987e-02,  1.23507641e-02, -1.86177250e-03],
       [ 3.77417730e-20, -1.67360426e-17,  2.69473235e-16,
         1.53771462e-12, -3.57034680e-10,  3.09647916e-08,
        -1.18699381e-06,  2.07668327e-05, -1.61143849e-04,
         4.74988221e-04, -1.75818750e-05, -2.07845843e-03,
         3.20481323e-03, -1.86177250e-03,  4.78891103e-04]], dtype=float32), array([[ 1.12624393e-05, -5.62206551e-05,  1.24264101e-04,
        -1.03480350e-04, -1.12397174e-06,  3.89894085e-05,
        -1.69844352e-05,  2.81048528e-06, -2.06268581e-07,
         6.90917901e-09, -1.02292147e-10,  5.65693597e-13,
         1.27290153e-16, -1.01509222e-17,  2.93933202e-20,
        -3.25848305e-23,  1.60476541e-26],
       [-5.62206551e-05,  4.78891103e-04, -1.86177250e-03,
         3.20481323e-03, -2.07845843e-03, -1.75818750e-05,
         4.74988221e-04, -1.61143849e-04,  2.07668327e-05,
        -1.18699381e-06,  3.09647916e-08, -3.57034680e-10,
         1.53771462e-12,  2.69473235e-16, -1.67360426e-17,
         3.77417730e-20, -3.25848305e-23],
       [ 1.24264101e-04, -1.86177250e-03,  1.23507641e-02,
        -3.73946987e-02,  5.01317158e-02, -2.53208075e-02,
        -1.66812199e-04,  3.50971450e-03, -9.27318819e-04,
         9.30704919e-05, -4.14301530e-06,  8.41710346e-08,
        -7.55842389e-10,  2.53526280e-12,  3.46010471e-16,
        -1.67360426e-17,  2.93933202e-20],
       [-1.03480350e-04,  3.20481323e-03, -3.73946987e-02,
         1.93198472e-01, -4.55560684e-01,  4.75636482e-01,
        -1.87096879e-01, -9.59937868e-04,  1.57294497e-02,
        -3.23666073e-03,  2.52991827e-04, -8.77076400e-06,
         1.38774567e-07, -9.70520886e-10,  2.53526280e-12,
         2.69473235e-16, -1.01509222e-17],
       [-1.12397174e-06, -2.07845843e-03,  5.01317158e-02,
        -4.55560684e-01,  1.83301604e+00, -3.36616349e+00,
         2.73709893e+00, -8.38509977e-01, -3.35051259e-03,
         4.27570753e-02, -6.85201026e-03,  4.17112984e-04,
        -1.12618836e-05,  1.38774567e-07, -7.55842389e-10,
         1.53771462e-12,  1.27290153e-16],
       [ 3.89894085e-05, -1.75818750e-05, -2.53208075e-02,
         4.75636482e-01, -3.36616349e+00,  1.05482788e+01,
        -1.50860987e+01,  9.55341339e+00, -2.27930641e+00,
        -7.09303468e-03,  7.04945028e-02, -8.79815593e-03,
         4.17112984e-04, -8.77076400e-06,  8.41710346e-08,
        -3.57034680e-10,  5.65693597e-13],
       [-1.69844352e-05,  4.74988221e-04, -1.66812199e-04,
        -1.87096879e-01,  2.73709893e+00, -1.50860987e+01,
         3.68171120e+01, -4.10082664e+01,  2.02245770e+01,
        -3.75794125e+00, -9.10763722e-03,  7.04945028e-02,
        -6.85201026e-03,  2.52991827e-04, -4.14301530e-06,
         3.09647916e-08, -1.02292147e-10],
       [ 2.81048528e-06, -1.61143849e-04,  3.50971450e-03,
        -9.59937868e-04, -8.38509977e-01,  9.55341339e+00,
        -4.10082664e+01,  7.79418259e+01, -6.76111984e+01,
         2.59688702e+01, -3.75794125e+00, -7.09303468e-03,
         4.27570753e-02, -3.23666073e-03,  9.30704919e-05,
        -1.18699381e-06,  6.90917901e-09],
       [-2.06268581e-07,  2.07668327e-05, -9.27318819e-04,
         1.57294497e-02, -3.35051259e-03, -2.27930641e+00,
         2.02245770e+01, -6.76111984e+01,  1.00079285e+02,
        -6.76111984e+01,  2.02245770e+01, -2.27930641e+00,
        -3.35051259e-03,  1.57294497e-02, -9.27318819e-04,
         2.07668327e-05, -2.06268581e-07],
       [ 6.90917901e-09, -1.18699381e-06,  9.30704919e-05,
        -3.23666073e-03,  4.27570753e-02, -7.09303468e-03,
        -3.75794125e+00,  2.59688702e+01, -6.76111984e+01,
         7.79418259e+01, -4.10082664e+01,  9.55341339e+00,
        -8.38509977e-01, -9.59937868e-04,  3.50971450e-03,
        -1.61143849e-04,  2.81048528e-06],
       [-1.02292147e-10,  3.09647916e-08, -4.14301530e-06,
         2.52991827e-04, -6.85201026e-03,  7.04945028e-02,
        -9.10763722e-03, -3.75794125e+00,  2.02245770e+01,
        -4.10082664e+01,  3.68171120e+01, -1.50860987e+01,
         2.73709893e+00, -1.87096879e-01, -1.66812199e-04,
         4.74988221e-04, -1.69844352e-05],
       [ 5.65693597e-13, -3.57034680e-10,  8.41710346e-08,
        -8.77076400e-06,  4.17112984e-04, -8.79815593e-03,
         7.04945028e-02, -7.09303468e-03, -2.27930641e+00,
         9.55341339e+00, -1.50860987e+01,  1.05482788e+01,
        -3.36616349e+00,  4.75636482e-01, -2.53208075e-02,
        -1.75818750e-05,  3.89894085e-05],
       [ 1.27290153e-16,  1.53771462e-12, -7.55842389e-10,
         1.38774567e-07, -1.12618836e-05,  4.17112984e-04,
        -6.85201026e-03,  4.27570753e-02, -3.35051259e-03,
        -8.38509977e-01,  2.73709893e+00, -3.36616349e+00,
         1.83301604e+00, -4.55560684e-01,  5.01317158e-02,
        -2.07845843e-03, -1.12397174e-06],
       [-1.01509222e-17,  2.69473235e-16,  2.53526280e-12,
        -9.70520886e-10,  1.38774567e-07, -8.77076400e-06,
         2.52991827e-04, -3.23666073e-03,  1.57294497e-02,
        -9.59937868e-04, -1.87096879e-01,  4.75636482e-01,
        -4.55560684e-01,  1.93198472e-01, -3.73946987e-02,
         3.20481323e-03, -1.03480350e-04],
       [ 2.93933202e-20, -1.67360426e-17,  3.46010471e-16,
         2.53526280e-12, -7.55842389e-10,  8.41710346e-08,
        -4.14301530e-06,  9.30704919e-05, -9.27318819e-04,
         3.50971450e-03, -1.66812199e-04, -2.53208075e-02,
         5.01317158e-02, -3.73946987e-02,  1.23507641e-02,
        -1.86177250e-03,  1.24264101e-04],
       [-3.25848305e-23,  3.77417730e-20, -1.67360426e-17,
         2.69473235e-16,  1.53771462e-12, -3.57034680e-10,
         3.09647916e-08, -1.18699381e-06,  2.07668327e-05,
        -1.61143849e-04,  4.74988221e-04, -1.75818750e-05,
        -2.07845843e-03,  3.20481323e-03, -1.86177250e-03,
         4.78891103e-04, -5.62206551e-05],
       [ 1.60476541e-26, -3.25848305e-23,  2.93933202e-20,
        -1.01509222e-17,  1.27290153e-16,  5.65693597e-13,
        -1.02292147e-10,  6.90917901e-09, -2.06268581e-07,
         2.81048528e-06, -1.69844352e-05,  3.89894085e-05,
        -1.12397174e-06, -1.03480350e-04,  1.24264101e-04,
        -5.62206551e-05,  1.12624393e-05]], dtype=float32)]
02:02:22 ->GaborFaceUI|变量变更 ―>

[[[62 62 62]
  [77 77 77]
  [68 68 68]
  ...
  [57 57 57]
  [45 45 45]
  [17 17 17]]

 [[62 62 62]
  [81 81 81]
  [75 75 75]
  ...
  [55 55 55]
  [44 44 44]
  [17 17 17]]

 [[63 63 63]
  [82 82 82]
  [77 77 77]
  ...
  [57 57 57]
  [43 43 43]
  [16 16 16]]

 ...

 [[37 37 37]
  [37 37 37]
  [21 21 21]
  ...
  [51 51 51]
  [36 36 36]
  [14 14 14]]

 [[36 36 36]
  [36 36 36]
  [20 20 20]
  ...
  [48 48 48]
  [38 38 38]
  [15 15 15]]

 [[37 37 37]
  [37 37 37]
  [20 20 20]
  ...
  [48 48 48]
  [38 38 38]
  [15 15 15]]]
02:02:23 ->GaborImgPre|变量变更 ―>

[[62 77 68 ... 57 45 17]
 [62 81 75 ... 55 44 17]
 [63 82 77 ... 57 43 16]
 ...
 [37 37 21 ... 51 36 14]
 [36 36 20 ... 48 38 15]
 [37 37 20 ... 48 38 15]]
02:02:24 ->GaborKenel|变量变更 ―>

[[[834.29083  834.29083  834.29083 ]
  [ 50.4615    50.4615    50.4615  ]
  [304.9295   304.9295   304.9295  ]
  ...
  [356.08676  356.08676  356.08676 ]
  [ 31.443354  31.443354  31.443354]
  [376.3155   376.3155   376.3155  ]]

 [[ 53.301952  53.301952  53.301952]
  [716.347    716.347    716.347   ]
  [ 55.828827  55.828827  55.828827]
  ...
  [ 32.493973  32.493973  32.493973]
  [429.20673  429.20673  429.20673 ]
  [ 30.624569  30.624569  30.624569]]

 [[248.11322  248.11322  248.11322 ]
  [ 57.86733   57.86733   57.86733 ]
  [440.18927  440.18927  440.18927 ]
  ...
  [430.9879   430.9879   430.9879  ]
  [ 32.735664  32.735664  32.735664]
  [135.0916   135.0916   135.0916  ]]

 ...

 [[661.60016  661.60016  661.60016 ]
  [ 13.051574  13.051574  13.051574]
  [221.74597  221.74597  221.74597 ]
  ...
  [ 34.172394  34.172394  34.172394]
  [662.63745  662.63745  662.63745 ]
  [ 29.775377  29.775377  29.775377]]

 [[ 24.67399   24.67399   24.67399 ]
  [622.3251   622.3251   622.3251  ]
  [ 12.27502   12.27502   12.27502 ]
  ...
  [664.79785  664.79785  664.79785 ]
  [ 30.898834  30.898834  30.898834]
  [188.97458  188.97458  188.97458 ]]

 [[697.5615   697.5615   697.5615  ]
  [ 13.200312  13.200312  13.200312]
  [352.25473  352.25473  352.25473 ]
  ...
  [ 34.135838  34.135838  34.135838]
  [246.4929   246.4929   246.4929  ]
  [ 29.836994  29.836994  29.836994]]]
02:02:24 ->GaborKenel|变量变更 ―>

池化后结果-> [[[1.5529412  1.5529412  1.5529412 ]
  [1.5529412  1.5529412  1.5529412 ]
  [1.5529412  1.5529412  1.5529412 ]
  ...
  [0.5529412  0.5529412  0.5529412 ]
  [0.5529412  0.5529412  0.5529412 ]
  [1.475747   1.475747   1.475747  ]]

 [[1.0784314  1.0784314  1.0784314 ]
  [1.0784314  1.0784314  1.0784314 ]
  [1.0784314  1.0784314  1.0784314 ]
  ...
  [0.92156863 0.92156863 0.92156863]
  [0.92156863 0.92156863 0.92156863]
  [0.12009635 0.12009635 0.12009635]]

 [[0.972549   0.972549   0.972549  ]
  [0.972549   0.972549   0.972549  ]
  [0.972549   0.972549   0.972549  ]
  ...
  [0.654902   0.654902   0.654902  ]
  [0.654902   0.654902   0.654902  ]
  [0.529771   0.529771   0.529771  ]]

 ...

 [[1.1686275  1.1686275  1.1686275 ]
  [1.1686275  1.1686275  1.1686275 ]
  [1.1686275  1.1686275  1.1686275 ]
  ...
  [1.4039216  1.4039216  1.4039216 ]
  [1.4039216  1.4039216  1.4039216 ]
  [0.11676618 0.11676618 0.11676618]]

 [[0.85882354 0.85882354 0.85882354]
  [0.85882354 0.85882354 0.85882354]
  [0.85882354 0.85882354 0.85882354]
  ...
  [0.9490196  0.9490196  0.9490196 ]
  [0.9490196  0.9490196  0.9490196 ]
  [0.74107677 0.74107677 0.74107677]]

 [[1.3882353  1.3882353  1.3882353 ]
  [1.3882353  1.3882353  1.3882353 ]
  [1.3882353  1.3882353  1.3882353 ]
  ...
  [0.972549   0.972549   0.972549  ]
  [0.972549   0.972549   0.972549  ]
  [0.11700782 0.11700782 0.11700782]]]
02:02:24 ->GaborDiscriminatr|变量变更 ―>

预测的直接返回值[[3.20997991e-04 9.99678969e-01 1.71769879e-13 6.37693775e-36
  7.41571518e-13 1.15765245e-11 1.53982369e-20 0.00000000e+00
  3.27689507e-23 5.36497857e-16 0.00000000e+00 4.92267874e-29
  1.74910513e-30 1.13347947e-17 3.48451651e-21 4.06259336e-13
  2.02126543e-29 2.41659410e-20 1.36346273e-37 8.56536777e-23
  9.90229339e-29 5.29493340e-24 9.14525862e-33 1.95597175e-21]]
02:02:24 ->GaborDiscriminatr|变量变更 ―>

预测的处理返回值1
02:02:24 ->GaborFaceUI|变量变更 ―>

1
