02:04:05 ->GaborKenel|变量变更 ―>

[array([[ 0.00235158, -0.00493959, -0.09945135,  0.2508516 , -0.09945135,
        -0.00493959,  0.00235158],
       [ 0.00439332, -0.00922837, -0.18579958,  0.46865252, -0.18579958,
        -0.00922837,  0.00439332],
       [ 0.00639225, -0.0134272 , -0.27033678,  0.68188536, -0.27033678,
        -0.0134272 ,  0.00639225],
       [ 0.00724336, -0.01521501, -0.30633172,  0.77267736, -0.30633172,
        -0.01521501,  0.00724336],
       [ 0.00639225, -0.0134272 , -0.27033678,  0.68188536, -0.27033678,
        -0.0134272 ,  0.00639225],
       [ 0.00439332, -0.00922837, -0.18579958,  0.46865252, -0.18579958,
        -0.00922837,  0.00439332],
       [ 0.00235158, -0.00493959, -0.09945135,  0.2508516 , -0.09945135,
        -0.00493959,  0.00235158]], dtype=float32), array([[-3.1847510e-05,  9.2931365e-04, -1.9520652e-03, -3.9301939e-02,
         9.9133447e-02, -3.9301939e-02, -1.9520652e-03,  9.2931365e-04,
        -3.1847510e-05],
       [-7.6398195e-05,  2.2293075e-03, -4.6827612e-03, -9.4280452e-02,
         2.3780878e-01, -9.4280452e-02, -4.6827612e-03,  2.2293075e-03,
        -7.6398195e-05],
       [-1.4273064e-04,  4.1648946e-03, -8.7485500e-03, -1.7613907e-01,
         4.4428527e-01, -1.7613907e-01, -8.7485500e-03,  4.1648946e-03,
        -1.4273064e-04],
       [-2.0767184e-04,  6.0598860e-03, -1.2729065e-02, -2.5628084e-01,
         6.4643127e-01, -2.5628084e-01, -1.2729065e-02,  6.0598860e-03,
        -2.0767184e-04],
       [-2.3532302e-04,  6.8667508e-03, -1.4423920e-02, -2.9040423e-01,
         7.3250258e-01, -2.9040423e-01, -1.4423920e-02,  6.8667508e-03,
        -2.3532302e-04],
       [-2.0767184e-04,  6.0598860e-03, -1.2729065e-02, -2.5628084e-01,
         6.4643127e-01, -2.5628084e-01, -1.2729065e-02,  6.0598860e-03,
        -2.0767184e-04],
       [-1.4273064e-04,  4.1648946e-03, -8.7485500e-03, -1.7613907e-01,
         4.4428527e-01, -1.7613907e-01, -8.7485500e-03,  4.1648946e-03,
        -1.4273064e-04],
       [-7.6398195e-05,  2.2293075e-03, -4.6827612e-03, -9.4280452e-02,
         2.3780878e-01, -9.4280452e-02, -4.6827612e-03,  2.2293075e-03,
        -7.6398195e-05],
       [-3.1847510e-05,  9.2931365e-04, -1.9520652e-03, -3.9301939e-02,
         9.9133447e-02, -3.9301939e-02, -1.9520652e-03,  9.2931365e-04,
        -3.1847510e-05]], dtype=float32), array([[ 4.80812403e-08, -1.01569767e-05,  2.96381651e-04,
        -6.22563006e-04, -1.25343837e-02,  3.16161662e-02,
        -1.25343837e-02, -6.22563006e-04,  2.96381651e-04,
        -1.01569767e-05,  4.80812403e-08],
       [ 1.48100654e-07, -3.12856901e-05,  9.12919757e-04,
        -1.91762904e-03, -3.86086181e-02,  9.73846465e-02,
        -3.86086181e-02, -1.91762904e-03,  9.12919757e-04,
        -3.12856901e-05,  1.48100654e-07],
       [ 3.55274977e-07, -7.50504696e-05,  2.18998059e-03,
        -4.60015330e-03, -9.26172659e-02,  2.33613610e-01,
        -9.26172659e-02, -4.60015330e-03,  2.18998059e-03,
        -7.50504696e-05,  3.55274977e-07],
       [ 6.63741048e-07, -1.40212738e-04,  4.09142254e-03,
        -8.59421771e-03, -1.73031822e-01,  4.36447710e-01,
        -1.73031822e-01, -8.59421771e-03,  4.09142254e-03,
        -1.40212738e-04,  6.63741048e-07],
       [ 9.65737513e-07, -2.04008335e-04,  5.95298456e-03,
        -1.25045124e-02, -2.51759827e-01,  6.35027647e-01,
        -2.51759827e-01, -1.25045124e-02,  5.95298456e-03,
        -2.04008335e-04,  9.65737513e-07],
       [ 1.09432403e-06, -2.31171725e-04,  6.74561551e-03,
        -1.41694695e-02, -2.85281241e-01,  7.19580591e-01,
        -2.85281241e-01, -1.41694695e-02,  6.74561551e-03,
        -2.31171725e-04,  1.09432403e-06],
       [ 9.65737513e-07, -2.04008335e-04,  5.95298456e-03,
        -1.25045124e-02, -2.51759827e-01,  6.35027647e-01,
        -2.51759827e-01, -1.25045124e-02,  5.95298456e-03,
        -2.04008335e-04,  9.65737513e-07],
       [ 6.63741048e-07, -1.40212738e-04,  4.09142254e-03,
        -8.59421771e-03, -1.73031822e-01,  4.36447710e-01,
        -1.73031822e-01, -8.59421771e-03,  4.09142254e-03,
        -1.40212738e-04,  6.63741048e-07],
       [ 3.55274977e-07, -7.50504696e-05,  2.18998059e-03,
        -4.60015330e-03, -9.26172659e-02,  2.33613610e-01,
        -9.26172659e-02, -4.60015330e-03,  2.18998059e-03,
        -7.50504696e-05,  3.55274977e-07],
       [ 1.48100654e-07, -3.12856901e-05,  9.12919757e-04,
        -1.91762904e-03, -3.86086181e-02,  9.73846465e-02,
        -3.86086181e-02, -1.91762904e-03,  9.12919757e-04,
        -3.12856901e-05,  1.48100654e-07],
       [ 4.80812403e-08, -1.01569767e-05,  2.96381651e-04,
        -6.22563006e-04, -1.25343837e-02,  3.16161662e-02,
        -1.25343837e-02, -6.22563006e-04,  2.96381651e-04,
        -1.01569767e-05,  4.80812403e-08]], dtype=float32), array([[ 5.14128774e-11,  1.21029125e-08, -2.55669352e-06,
         7.46045844e-05, -1.56710303e-04, -3.15512950e-03,
         7.95835722e-03, -3.15512950e-03, -1.56710303e-04,
         7.46045844e-05, -2.55669352e-06,  1.21029125e-08,
         5.14128774e-11],
       [ 2.03341871e-10,  4.78679461e-08, -1.01119194e-05,
         2.95066857e-04, -6.19801227e-04, -1.24787791e-02,
         3.14759128e-02, -1.24787791e-02, -6.19801227e-04,
         2.95066857e-04, -1.01119194e-05,  4.78679461e-08,
         2.03341871e-10],
       [ 6.26337038e-10,  1.47443657e-07, -3.11469048e-05,
         9.08869959e-04, -1.90912222e-03, -3.84373479e-02,
         9.69526321e-02, -3.84373479e-02, -1.90912222e-03,
         9.08869959e-04, -3.11469048e-05,  1.47443657e-07,
         6.26337038e-10],
       [ 1.50250445e-09,  3.53698937e-07, -7.47175363e-05,
         2.18026550e-03, -4.57974616e-03, -9.22064036e-02,
         2.32577279e-01, -9.22064036e-02, -4.57974616e-03,
         2.18026550e-03, -7.47175363e-05,  3.53698937e-07,
         1.50250445e-09],
       [ 2.80704815e-09,  6.60796616e-07, -1.39590746e-04,
         4.07327246e-03, -8.55609216e-03, -1.72264233e-01,
         4.34511572e-01, -1.72264233e-01, -8.55609216e-03,
         4.07327246e-03, -1.39590746e-04,  6.60796616e-07,
         2.80704815e-09],
       [ 4.08423073e-09,  9.61453452e-07, -2.03103322e-04,
         5.92657644e-03, -1.24490410e-02, -2.50642985e-01,
         6.32210612e-01, -2.50642985e-01, -1.24490410e-02,
         5.92657644e-03, -2.03103322e-04,  9.61453452e-07,
         4.08423073e-09],
       [ 4.62803973e-09,  1.08946949e-06, -2.30146223e-04,
         6.71569118e-03, -1.41066117e-02, -2.84015715e-01,
         7.16388464e-01, -2.84015715e-01, -1.41066117e-02,
         6.71569118e-03, -2.30146223e-04,  1.08946949e-06,
         4.62803973e-09],
       [ 4.08423073e-09,  9.61453452e-07, -2.03103322e-04,
         5.92657644e-03, -1.24490410e-02, -2.50642985e-01,
         6.32210612e-01, -2.50642985e-01, -1.24490410e-02,
         5.92657644e-03, -2.03103322e-04,  9.61453452e-07,
         4.08423073e-09],
       [ 2.80704815e-09,  6.60796616e-07, -1.39590746e-04,
         4.07327246e-03, -8.55609216e-03, -1.72264233e-01,
         4.34511572e-01, -1.72264233e-01, -8.55609216e-03,
         4.07327246e-03, -1.39590746e-04,  6.60796616e-07,
         2.80704815e-09],
       [ 1.50250445e-09,  3.53698937e-07, -7.47175363e-05,
         2.18026550e-03, -4.57974616e-03, -9.22064036e-02,
         2.32577279e-01, -9.22064036e-02, -4.57974616e-03,
         2.18026550e-03, -7.47175363e-05,  3.53698937e-07,
         1.50250445e-09],
       [ 6.26337038e-10,  1.47443657e-07, -3.11469048e-05,
         9.08869959e-04, -1.90912222e-03, -3.84373479e-02,
         9.69526321e-02, -3.84373479e-02, -1.90912222e-03,
         9.08869959e-04, -3.11469048e-05,  1.47443657e-07,
         6.26337038e-10],
       [ 2.03341871e-10,  4.78679461e-08, -1.01119194e-05,
         2.95066857e-04, -6.19801227e-04, -1.24787791e-02,
         3.14759128e-02, -1.24787791e-02, -6.19801227e-04,
         2.95066857e-04, -1.01119194e-05,  4.78679461e-08,
         2.03341871e-10],
       [ 5.14128774e-11,  1.21029125e-08, -2.55669352e-06,
         7.46045844e-05, -1.56710303e-04, -3.15512950e-03,
         7.95835722e-03, -3.15512950e-03, -1.56710303e-04,
         7.46045844e-05, -2.55669352e-06,  1.21029125e-08,
         5.14128774e-11]], dtype=float32), array([[-3.4510352e-14,  1.0114960e-11,  2.3811249e-09, -5.0300343e-07,
         1.4677695e-05, -3.0831157e-05, -6.2073965e-04,  1.5657258e-03,
        -6.2073965e-04, -3.0831157e-05,  1.4677695e-05, -5.0300343e-07,
         2.3811249e-09,  1.0114960e-11, -3.4510352e-14],
       [-1.7525804e-13,  5.1368011e-11,  1.2092350e-08, -2.5544623e-06,
         7.4539479e-05, -1.5657354e-04, -3.1523760e-03,  7.9514114e-03,
        -3.1523760e-03, -1.5657354e-04,  7.4539479e-05, -2.5544623e-06,
         1.2092350e-08,  5.1368011e-11, -1.7525804e-13],
       [-6.9315902e-13,  2.0316442e-10,  4.7826173e-08, -1.0103095e-05,
         2.9480938e-04, -6.1926036e-04, -1.2467889e-02,  3.1448442e-02,
        -1.2467889e-02, -6.1926036e-04,  2.9480938e-04, -1.0103095e-05,
         4.7826173e-08,  2.0316442e-10, -6.9315902e-13],
       [-2.1350801e-12,  6.2579042e-10,  1.4731499e-07, -3.1119722e-05,
         9.0807676e-04, -1.9074561e-03, -3.8403802e-02,  9.6868023e-02,
        -3.8403802e-02, -1.9074561e-03,  9.0807676e-04, -3.1119722e-05,
         1.4731499e-07,  6.2579042e-10, -2.1350801e-12],
       [-5.1217901e-12,  1.5011933e-09,  3.5339025e-07, -7.4652329e-05,
         2.1783628e-03, -4.5757494e-03, -9.2125930e-02,  2.3237431e-01,
        -9.2125930e-02, -4.5757494e-03,  2.1783628e-03, -7.4652329e-05,
         3.5339025e-07,  1.5011933e-09, -5.1217901e-12],
       [-9.5687642e-12,  2.8045983e-09,  6.6021994e-07, -1.3946892e-04,
         4.0697176e-03, -8.5486257e-03, -1.7211390e-01,  4.3413237e-01,
        -1.7211390e-01, -8.5486257e-03,  4.0697176e-03, -1.3946892e-04,
         6.6021994e-07,  2.8045983e-09, -9.5687642e-12],
       [-1.3922470e-11,  4.0806660e-09,  9.6061433e-07, -2.0292608e-04,
         5.9214039e-03, -1.2438177e-02, -2.5042424e-01,  6.3165885e-01,
        -2.5042424e-01, -1.2438177e-02,  5.9214039e-03, -2.0292608e-04,
         9.6061433e-07,  4.0806660e-09, -1.3922470e-11],
       [-1.5776226e-11,  4.6240007e-09,  1.0885186e-06, -2.2994536e-04,
         6.7098304e-03, -1.4094301e-02, -2.8376785e-01,  7.1576327e-01,
        -2.8376785e-01, -1.4094301e-02,  6.7098304e-03, -2.2994536e-04,
         1.0885186e-06,  4.6240007e-09, -1.5776226e-11],
       [-1.3922470e-11,  4.0806660e-09,  9.6061433e-07, -2.0292608e-04,
         5.9214039e-03, -1.2438177e-02, -2.5042424e-01,  6.3165885e-01,
        -2.5042424e-01, -1.2438177e-02,  5.9214039e-03, -2.0292608e-04,
         9.6061433e-07,  4.0806660e-09, -1.3922470e-11],
       [-9.5687642e-12,  2.8045983e-09,  6.6021994e-07, -1.3946892e-04,
         4.0697176e-03, -8.5486257e-03, -1.7211390e-01,  4.3413237e-01,
        -1.7211390e-01, -8.5486257e-03,  4.0697176e-03, -1.3946892e-04,
         6.6021994e-07,  2.8045983e-09, -9.5687642e-12],
       [-5.1217901e-12,  1.5011933e-09,  3.5339025e-07, -7.4652329e-05,
         2.1783628e-03, -4.5757494e-03, -9.2125930e-02,  2.3237431e-01,
        -9.2125930e-02, -4.5757494e-03,  2.1783628e-03, -7.4652329e-05,
         3.5339025e-07,  1.5011933e-09, -5.1217901e-12],
       [-2.1350801e-12,  6.2579042e-10,  1.4731499e-07, -3.1119722e-05,
         9.0807676e-04, -1.9074561e-03, -3.8403802e-02,  9.6868023e-02,
        -3.8403802e-02, -1.9074561e-03,  9.0807676e-04, -3.1119722e-05,
         1.4731499e-07,  6.2579042e-10, -2.1350801e-12],
       [-6.9315902e-13,  2.0316442e-10,  4.7826173e-08, -1.0103095e-05,
         2.9480938e-04, -6.1926036e-04, -1.2467889e-02,  3.1448442e-02,
        -1.2467889e-02, -6.1926036e-04,  2.9480938e-04, -1.0103095e-05,
         4.7826173e-08,  2.0316442e-10, -6.9315902e-13],
       [-1.7525804e-13,  5.1368011e-11,  1.2092350e-08, -2.5544623e-06,
         7.4539479e-05, -1.5657354e-04, -3.1523760e-03,  7.9514114e-03,
        -3.1523760e-03, -1.5657354e-04,  7.4539479e-05, -2.5544623e-06,
         1.2092350e-08,  5.1368011e-11, -1.7525804e-13],
       [-3.4510352e-14,  1.0114960e-11,  2.3811249e-09, -5.0300343e-07,
         1.4677695e-05, -3.0831157e-05, -6.2073965e-04,  1.5657258e-03,
        -6.2073965e-04, -3.0831157e-05,  1.4677695e-05, -5.0300343e-07,
         2.3811249e-09,  1.0114960e-11, -3.4510352e-14]], dtype=float32), array([[-9.2469226e-04, -2.2257279e-04,  1.1021094e-01, -8.7550467e-01,
         2.7083888e+00, -3.8362253e+00,  2.6034782e+00],
       [-2.2257279e-04,  1.4151365e-01, -1.4434632e+00,  5.7336593e+00,
        -1.0427941e+01,  9.0870323e+00, -3.8362253e+00],
       [ 1.1021094e-01, -1.4434632e+00,  7.3621645e+00, -1.7192768e+01,
         1.9237247e+01, -1.0427941e+01,  2.7083888e+00],
       [-8.7550467e-01,  5.7336593e+00, -1.7192768e+01,  2.4701115e+01,
        -1.7192768e+01,  5.7336593e+00, -8.7550467e-01],
       [ 2.7083888e+00, -1.0427941e+01,  1.9237247e+01, -1.7192768e+01,
         7.3621645e+00, -1.4434632e+00,  1.1021094e-01],
       [-3.8362253e+00,  9.0870323e+00, -1.0427941e+01,  5.7336593e+00,
        -1.4434632e+00,  1.4151365e-01, -2.2257279e-04],
       [ 2.6034782e+00, -3.8362253e+00,  2.7083888e+00, -8.7550467e-01,
         1.1021094e-01, -2.2257279e-04, -9.2469226e-04]], dtype=float32), array([[-8.8617080e-06,  2.5620064e-04, -2.8543556e-03, -5.3506845e-04,
         2.0634234e-01, -1.2765812e+00,  3.0755825e+00, -3.3927109e+00,
         1.7931768e+00],
       [ 2.5620064e-04, -3.6650652e-03, -8.8217866e-04,  4.3682671e-01,
        -3.4701078e+00,  1.0734838e+01, -1.5205075e+01,  1.0319019e+01,
        -3.3927109e+00],
       [-2.8543556e-03, -8.8217866e-04,  5.6089664e-01, -5.7212400e+00,
         2.2725653e+01, -4.1331680e+01,  3.6016918e+01, -1.5205075e+01,
         3.0755825e+00],
       [-5.3506845e-04,  4.3682671e-01, -5.7212400e+00,  2.9180317e+01,
        -6.8144417e+01,  7.6247818e+01, -4.1331680e+01,  1.0734838e+01,
        -1.2765812e+00],
       [ 2.0634234e-01, -3.4701078e+00,  2.2725653e+01, -6.8144417e+01,
         9.7904129e+01, -6.8144417e+01,  2.2725653e+01, -3.4701078e+00,
         2.0634234e-01],
       [-1.2765812e+00,  1.0734838e+01, -4.1331680e+01,  7.6247818e+01,
        -6.8144417e+01,  2.9180317e+01, -5.7212400e+00,  4.3682671e-01,
        -5.3506845e-04],
       [ 3.0755825e+00, -1.5205075e+01,  3.6016918e+01, -4.1331680e+01,
         2.2725653e+01, -5.7212400e+00,  5.6089664e-01, -8.8217866e-04,
        -2.8543556e-03],
       [-3.3927109e+00,  1.0319019e+01, -1.5205075e+01,  1.0734838e+01,
        -3.4701078e+00,  4.3682671e-01, -8.8217866e-04, -3.6650652e-03,
         2.5620064e-04],
       [ 1.7931768e+00, -3.3927109e+00,  3.0755825e+00, -1.2765812e+00,
         2.0634234e-01, -5.3506845e-04, -2.8543556e-03,  2.5620064e-04,
        -8.8617080e-06]], dtype=float32), array([[-2.0723998e-09,  2.1339065e-07, -1.0519614e-05,  2.3685848e-04,
        -2.0551484e-03, -3.0003424e-04,  9.0110667e-02, -4.3417290e-01,
         8.1464434e-01, -6.9986433e-01,  2.8808224e-01],
       [ 2.1339065e-07, -1.3507452e-05,  3.9051363e-04, -4.3507493e-03,
        -8.1557763e-04,  3.1451714e-01, -1.9458280e+00,  4.6879544e+00,
        -5.1713371e+00,  2.7332482e+00, -6.9986433e-01],
       [-1.0519614e-05,  3.9051363e-04, -5.5864728e-03, -1.3446602e-03,
         6.6583276e-01, -5.2893090e+00,  1.6362568e+01, -2.3176325e+01,
         1.5728757e+01, -5.1713371e+00,  8.1464434e-01],
       [ 2.3685848e-04, -4.3507493e-03, -1.3446602e-03,  8.5494620e-01,
        -8.7205963e+00,  3.4639557e+01, -6.2999783e+01,  5.4898758e+01,
        -2.3176325e+01,  4.6879544e+00, -4.3417290e-01],
       [-2.0551484e-03, -8.1557763e-04,  6.6583276e-01, -8.7205963e+00,
         4.4478073e+01, -1.0386908e+02,  1.1622067e+02, -6.2999783e+01,
         1.6362568e+01, -1.9458280e+00,  9.0110667e-02],
       [-3.0003424e-04,  3.1451714e-01, -5.2893090e+00,  3.4639557e+01,
        -1.0386908e+02,  1.4923030e+02, -1.0386908e+02,  3.4639557e+01,
        -5.2893090e+00,  3.1451714e-01, -3.0003424e-04],
       [ 9.0110667e-02, -1.9458280e+00,  1.6362568e+01, -6.2999783e+01,
         1.1622067e+02, -1.0386908e+02,  4.4478073e+01, -8.7205963e+00,
         6.6583276e-01, -8.1557763e-04, -2.0551484e-03],
       [-4.3417290e-01,  4.6879544e+00, -2.3176325e+01,  5.4898758e+01,
        -6.2999783e+01,  3.4639557e+01, -8.7205963e+00,  8.5494620e-01,
        -1.3446602e-03, -4.3507493e-03,  2.3685848e-04],
       [ 8.1464434e-01, -5.1713371e+00,  1.5728757e+01, -2.3176325e+01,
         1.6362568e+01, -5.2893090e+00,  6.6583276e-01, -1.3446602e-03,
        -5.5864728e-03,  3.9051363e-04, -1.0519614e-05],
       [-6.9986433e-01,  2.7332482e+00, -5.1713371e+00,  4.6879544e+00,
        -1.9458280e+00,  3.1451714e-01, -8.1557763e-04, -4.3507493e-03,
         3.9051363e-04, -1.3507452e-05,  2.1339065e-07],
       [ 2.8808224e-01, -6.9986433e-01,  8.1464434e-01, -4.3417290e-01,
         9.0110667e-02, -3.0003424e-04, -2.0551484e-03,  2.3685848e-04,
        -1.0519614e-05,  2.1339065e-07, -2.0723998e-09]], dtype=float32), array([[-2.93055612e-14,  1.01168822e-11, -1.67463765e-09,
         1.34291668e-07, -5.15584588e-06,  9.04097833e-05,
        -6.10936491e-04, -6.94624468e-05,  1.62473228e-02,
        -6.09669834e-02,  8.90894830e-02, -5.96071854e-02,
         1.91085450e-02],
       [ 1.01168822e-11, -2.15027729e-09,  2.21409536e-07,
        -1.09149250e-05,  2.45759264e-04, -2.13237782e-03,
        -3.11309064e-04,  9.34968889e-02, -4.50488448e-01,
         8.45257461e-01, -7.26164162e-01,  2.98907936e-01,
        -5.96071854e-02],
       [-1.67463765e-09,  2.21409536e-07, -1.40150414e-05,
         4.05188533e-04, -4.51424392e-03, -8.46225768e-04,
         3.26336205e-01, -2.01894927e+00,  4.86412048e+00,
        -5.36566782e+00,  2.83595967e+00, -7.26164162e-01,
         8.90894830e-02],
       [ 1.34291668e-07, -1.09149250e-05,  4.05188533e-04,
        -5.79640409e-03, -1.39519037e-03,  6.90853775e-01,
        -5.48807335e+00,  1.69774494e+01, -2.40472546e+01,
         1.63198204e+01, -5.36566782e+00,  8.45257461e-01,
        -6.09669834e-02],
       [-5.15584588e-06,  2.45759264e-04, -4.51424392e-03,
        -1.39519037e-03,  8.87073815e-01, -9.04830265e+00,
         3.59412575e+01, -6.53672180e+01,  5.69617691e+01,
        -2.40472546e+01,  4.86412048e+00, -4.50488448e-01,
         1.62473228e-02],
       [ 9.04097833e-05, -2.13237782e-03, -8.46225768e-04,
         6.90853775e-01, -9.04830265e+00,  4.61494942e+01,
        -1.07772316e+02,  1.20588066e+02, -6.53672180e+01,
         1.69774494e+01, -2.01894927e+00,  9.34968889e-02,
        -6.94624468e-05],
       [-6.10936491e-04, -3.11309064e-04,  3.26336205e-01,
        -5.48807335e+00,  3.59412575e+01, -1.07772316e+02,
         1.54838150e+02, -1.07772316e+02,  3.59412575e+01,
        -5.48807335e+00,  3.26336205e-01, -3.11309064e-04,
        -6.10936491e-04],
       [-6.94624468e-05,  9.34968889e-02, -2.01894927e+00,
         1.69774494e+01, -6.53672180e+01,  1.20588066e+02,
        -1.07772316e+02,  4.61494942e+01, -9.04830265e+00,
         6.90853775e-01, -8.46225768e-04, -2.13237782e-03,
         9.04097833e-05],
       [ 1.62473228e-02, -4.50488448e-01,  4.86412048e+00,
        -2.40472546e+01,  5.69617691e+01, -6.53672180e+01,
         3.59412575e+01, -9.04830265e+00,  8.87073815e-01,
        -1.39519037e-03, -4.51424392e-03,  2.45759264e-04,
        -5.15584588e-06],
       [-6.09669834e-02,  8.45257461e-01, -5.36566782e+00,
         1.63198204e+01, -2.40472546e+01,  1.69774494e+01,
        -5.48807335e+00,  6.90853775e-01, -1.39519037e-03,
        -5.79640409e-03,  4.05188533e-04, -1.09149250e-05,
         1.34291668e-07],
       [ 8.90894830e-02, -7.26164162e-01,  2.83595967e+00,
        -5.36566782e+00,  4.86412048e+00, -2.01894927e+00,
         3.26336205e-01, -8.46225768e-04, -4.51424392e-03,
         4.05188533e-04, -1.40150414e-05,  2.21409536e-07,
        -1.67463765e-09],
       [-5.96071854e-02,  2.98907936e-01, -7.26164162e-01,
         8.45257461e-01, -4.50488448e-01,  9.34968889e-02,
        -3.11309064e-04, -2.13237782e-03,  2.45759264e-04,
        -1.09149250e-05,  2.21409536e-07, -2.15027729e-09,
         1.01168822e-11],
       [ 1.91085450e-02, -5.96071854e-02,  8.90894830e-02,
        -6.09669834e-02,  1.62473228e-02, -6.94624468e-05,
        -6.10936491e-04,  9.04097833e-05, -5.15584588e-06,
         1.34291668e-07, -1.67463765e-09,  1.01168822e-11,
        -2.93055612e-14]], dtype=float32), array([[-2.62013272e-20,  3.90260769e-17, -2.28613295e-14,
         6.14645227e-12, -7.92364618e-10,  4.94856991e-08,
        -1.47964272e-06,  2.02068568e-05, -1.06342239e-04,
        -9.41642793e-06,  1.71531667e-03, -5.01283677e-03,
         5.70481643e-03, -2.97262589e-03,  7.42156699e-04],
       [ 3.90260769e-17, -2.93545265e-14,  1.01337862e-11,
        -1.67743586e-09,  1.34516071e-07, -5.16446062e-06,
         9.05608540e-05, -6.11957337e-04, -6.95785129e-05,
         1.62744727e-02, -6.10688552e-02,  8.92383456e-02,
        -5.97067848e-02,  1.91404745e-02, -2.97262589e-03],
       [-2.28613295e-14,  1.01337862e-11, -2.15387042e-09,
         2.21779501e-07, -1.09331631e-05,  2.46169919e-04,
        -2.13594083e-03, -3.11829266e-04,  9.36531126e-02,
        -4.51241195e-01,  8.46669793e-01, -7.27377594e-01,
         2.99407393e-01, -5.97067848e-02,  5.70481643e-03],
       [ 6.14645227e-12, -1.67743586e-09,  2.21779501e-07,
        -1.40384600e-05,  4.05865605e-04, -4.52178670e-03,
        -8.47639807e-04,  3.26881498e-01, -2.02232265e+00,
         4.87224817e+00, -5.37463379e+00,  2.84069824e+00,
        -7.27377594e-01,  8.92383456e-02, -5.01283677e-03],
       [-7.92364618e-10,  1.34516071e-07, -1.09331631e-05,
         4.05865605e-04, -5.80608938e-03, -1.39752170e-03,
         6.92008138e-01, -5.49724340e+00,  1.70058174e+01,
        -2.40874367e+01,  1.63470898e+01, -5.37463379e+00,
         8.46669793e-01, -6.10688552e-02,  1.71531667e-03],
       [ 4.94856991e-08, -5.16446062e-06,  2.46169919e-04,
        -4.52178670e-03, -1.39752170e-03,  8.88556063e-01,
        -9.06342220e+00,  3.60013161e+01, -6.54764404e+01,
         5.70569496e+01, -2.40874367e+01,  4.87224817e+00,
        -4.51241195e-01,  1.62744727e-02, -9.41642793e-06],
       [-1.47964272e-06,  9.05608540e-05, -2.13594083e-03,
        -8.47639807e-04,  6.92008138e-01, -9.06342220e+00,
         4.62266045e+01, -1.07952400e+02,  1.20789566e+02,
        -6.54764404e+01,  1.70058174e+01, -2.02232265e+00,
         9.36531126e-02, -6.95785129e-05, -1.06342239e-04],
       [ 2.02068568e-05, -6.11957337e-04, -3.11829266e-04,
         3.26881498e-01, -5.49724340e+00,  3.60013161e+01,
        -1.07952400e+02,  1.55096863e+02, -1.07952400e+02,
         3.60013161e+01, -5.49724340e+00,  3.26881498e-01,
        -3.11829266e-04, -6.11957337e-04,  2.02068568e-05],
       [-1.06342239e-04, -6.95785129e-05,  9.36531126e-02,
        -2.02232265e+00,  1.70058174e+01, -6.54764404e+01,
         1.20789566e+02, -1.07952400e+02,  4.62266045e+01,
        -9.06342220e+00,  6.92008138e-01, -8.47639807e-04,
        -2.13594083e-03,  9.05608540e-05, -1.47964272e-06],
       [-9.41642793e-06,  1.62744727e-02, -4.51241195e-01,
         4.87224817e+00, -2.40874367e+01,  5.70569496e+01,
        -6.54764404e+01,  3.60013161e+01, -9.06342220e+00,
         8.88556063e-01, -1.39752170e-03, -4.52178670e-03,
         2.46169919e-04, -5.16446062e-06,  4.94856991e-08],
       [ 1.71531667e-03, -6.10688552e-02,  8.46669793e-01,
        -5.37463379e+00,  1.63470898e+01, -2.40874367e+01,
         1.70058174e+01, -5.49724340e+00,  6.92008138e-01,
        -1.39752170e-03, -5.80608938e-03,  4.05865605e-04,
        -1.09331631e-05,  1.34516071e-07, -7.92364618e-10],
       [-5.01283677e-03,  8.92383456e-02, -7.27377594e-01,
         2.84069824e+00, -5.37463379e+00,  4.87224817e+00,
        -2.02232265e+00,  3.26881498e-01, -8.47639807e-04,
        -4.52178670e-03,  4.05865605e-04, -1.40384600e-05,
         2.21779501e-07, -1.67743586e-09,  6.14645227e-12],
       [ 5.70481643e-03, -5.97067848e-02,  2.99407393e-01,
        -7.27377594e-01,  8.46669793e-01, -4.51241195e-01,
         9.36531126e-02, -3.11829266e-04, -2.13594083e-03,
         2.46169919e-04, -1.09331631e-05,  2.21779501e-07,
        -2.15387042e-09,  1.01337862e-11, -2.28613295e-14],
       [-2.97262589e-03,  1.91404745e-02, -5.97067848e-02,
         8.92383456e-02, -6.10688552e-02,  1.62744727e-02,
        -6.95785129e-05, -6.11957337e-04,  9.05608540e-05,
        -5.16446062e-06,  1.34516071e-07, -1.67743586e-09,
         1.01337862e-11, -2.93545265e-14,  3.90260769e-17],
       [ 7.42156699e-04, -2.97262589e-03,  5.70481643e-03,
        -5.01283677e-03,  1.71531667e-03, -9.41642793e-06,
        -1.06342239e-04,  2.02068568e-05, -1.47964272e-06,
         4.94856991e-08, -7.92364618e-10,  6.14645227e-12,
        -2.28613295e-14,  3.90260769e-17, -2.62013272e-20]], dtype=float32), array([[ 0.00235158,  0.00439332,  0.00639225,  0.00724336,  0.00639225,
         0.00439332,  0.00235158],
       [-0.00493959, -0.00922837, -0.0134272 , -0.01521501, -0.0134272 ,
        -0.00922837, -0.00493959],
       [-0.09945134, -0.18579957, -0.27033675, -0.3063317 , -0.27033675,
        -0.18579957, -0.09945134],
       [ 0.25085157,  0.46865246,  0.6818853 ,  0.7726773 ,  0.6818853 ,
         0.46865246,  0.25085157],
       [-0.09945134, -0.18579957, -0.27033675, -0.3063317 , -0.27033675,
        -0.18579957, -0.09945134],
       [-0.00493959, -0.00922837, -0.0134272 , -0.01521501, -0.0134272 ,
        -0.00922837, -0.00493959],
       [ 0.00235158,  0.00439332,  0.00639225,  0.00724336,  0.00639225,
         0.00439332,  0.00235158]], dtype=float32), array([[-3.1847507e-05, -7.6398195e-05, -1.4273063e-04, -2.0767182e-04,
        -2.3532301e-04, -2.0767182e-04, -1.4273063e-04, -7.6398195e-05,
        -3.1847507e-05],
       [ 9.2931360e-04,  2.2293073e-03,  4.1648946e-03,  6.0598855e-03,
         6.8667503e-03,  6.0598855e-03,  4.1648946e-03,  2.2293073e-03,
         9.2931360e-04],
       [-1.9520650e-03, -4.6827607e-03, -8.7485490e-03, -1.2729064e-02,
        -1.4423919e-02, -1.2729064e-02, -8.7485490e-03, -4.6827607e-03,
        -1.9520650e-03],
       [-3.9301936e-02, -9.4280444e-02, -1.7613906e-01, -2.5628081e-01,
        -2.9040423e-01, -2.5628081e-01, -1.7613906e-01, -9.4280444e-02,
        -3.9301936e-02],
       [ 9.9133439e-02,  2.3780875e-01,  4.4428524e-01,  6.4643121e-01,
         7.3250252e-01,  6.4643121e-01,  4.4428524e-01,  2.3780875e-01,
         9.9133439e-02],
       [-3.9301936e-02, -9.4280444e-02, -1.7613906e-01, -2.5628081e-01,
        -2.9040423e-01, -2.5628081e-01, -1.7613906e-01, -9.4280444e-02,
        -3.9301936e-02],
       [-1.9520650e-03, -4.6827607e-03, -8.7485490e-03, -1.2729064e-02,
        -1.4423919e-02, -1.2729064e-02, -8.7485490e-03, -4.6827607e-03,
        -1.9520650e-03],
       [ 9.2931360e-04,  2.2293073e-03,  4.1648946e-03,  6.0598855e-03,
         6.8667503e-03,  6.0598855e-03,  4.1648946e-03,  2.2293073e-03,
         9.2931360e-04],
       [-3.1847507e-05, -7.6398195e-05, -1.4273063e-04, -2.0767182e-04,
        -2.3532301e-04, -2.0767182e-04, -1.4273063e-04, -7.6398195e-05,
        -3.1847507e-05]], dtype=float32), array([[ 4.80812545e-08,  1.48100696e-07,  3.55275063e-07,
         6.63741218e-07,  9.65737854e-07,  1.09432426e-06,
         9.65737854e-07,  6.63741218e-07,  3.55275063e-07,
         1.48100696e-07,  4.80812545e-08],
       [-1.01569794e-05, -3.12856973e-05, -7.50504842e-05,
        -1.40212782e-04, -2.04008378e-04, -2.31171784e-04,
        -2.04008378e-04, -1.40212782e-04, -7.50504842e-05,
        -3.12856973e-05, -1.01569794e-05],
       [ 2.96381739e-04,  9.12919990e-04,  2.18998105e-03,
         4.09142347e-03,  5.95298596e-03,  6.74561691e-03,
         5.95298596e-03,  4.09142347e-03,  2.18998105e-03,
         9.12919990e-04,  2.96381739e-04],
       [-6.22563181e-04, -1.91762950e-03, -4.60015424e-03,
        -8.59421957e-03, -1.25045162e-02, -1.41694732e-02,
        -1.25045162e-02, -8.59421957e-03, -4.60015424e-03,
        -1.91762950e-03, -6.22563181e-04],
       [-1.25343865e-02, -3.86086293e-02, -9.26172882e-02,
        -1.73031867e-01, -2.51759887e-01, -2.85281330e-01,
        -2.51759887e-01, -1.73031867e-01, -9.26172882e-02,
        -3.86086293e-02, -1.25343865e-02],
       [ 3.16161737e-02,  9.73846689e-02,  2.33613670e-01,
         4.36447799e-01,  6.35027826e-01,  7.19580770e-01,
         6.35027826e-01,  4.36447799e-01,  2.33613670e-01,
         9.73846689e-02,  3.16161737e-02],
       [-1.25343865e-02, -3.86086293e-02, -9.26172882e-02,
        -1.73031867e-01, -2.51759887e-01, -2.85281330e-01,
        -2.51759887e-01, -1.73031867e-01, -9.26172882e-02,
        -3.86086293e-02, -1.25343865e-02],
       [-6.22563181e-04, -1.91762950e-03, -4.60015424e-03,
        -8.59421957e-03, -1.25045162e-02, -1.41694732e-02,
        -1.25045162e-02, -8.59421957e-03, -4.60015424e-03,
        -1.91762950e-03, -6.22563181e-04],
       [ 2.96381739e-04,  9.12919990e-04,  2.18998105e-03,
         4.09142347e-03,  5.95298596e-03,  6.74561691e-03,
         5.95298596e-03,  4.09142347e-03,  2.18998105e-03,
         9.12919990e-04,  2.96381739e-04],
       [-1.01569794e-05, -3.12856973e-05, -7.50504842e-05,
        -1.40212782e-04, -2.04008378e-04, -2.31171784e-04,
        -2.04008378e-04, -1.40212782e-04, -7.50504842e-05,
        -3.12856973e-05, -1.01569794e-05],
       [ 4.80812545e-08,  1.48100696e-07,  3.55275063e-07,
         6.63741218e-07,  9.65737854e-07,  1.09432426e-06,
         9.65737854e-07,  6.63741218e-07,  3.55275063e-07,
         1.48100696e-07,  4.80812545e-08]], dtype=float32), array([[ 5.1412870e-11,  2.0334184e-10,  6.2633693e-10,  1.5025042e-09,
         2.8070475e-09,  4.0842298e-09,  4.6280388e-09,  4.0842298e-09,
         2.8070475e-09,  1.5025042e-09,  6.2633693e-10,  2.0334184e-10,
         5.1412870e-11],
       [ 1.2102911e-08,  4.7867939e-08,  1.4744364e-07,  3.5369888e-07,
         6.6079650e-07,  9.6145322e-07,  1.0894693e-06,  9.6145322e-07,
         6.6079650e-07,  3.5369888e-07,  1.4744364e-07,  4.7867939e-08,
         1.2102911e-08],
       [-2.5566931e-06, -1.0111918e-05, -3.1146898e-05, -7.4717522e-05,
        -1.3959072e-04, -2.0310329e-04, -2.3014618e-04, -2.0310329e-04,
        -1.3959072e-04, -7.4717522e-05, -3.1146898e-05, -1.0111918e-05,
        -2.5566931e-06],
       [ 7.4604577e-05,  2.9506683e-04,  9.0886978e-04,  2.1802653e-03,
         4.0732715e-03,  5.9265750e-03,  6.7156898e-03,  5.9265750e-03,
         4.0732715e-03,  2.1802653e-03,  9.0886978e-04,  2.9506683e-04,
         7.4604577e-05],
       [-1.5671027e-04, -6.1980117e-04, -1.9091219e-03, -4.5797457e-03,
        -8.5560912e-03, -1.2449039e-02, -1.4106610e-02, -1.2449039e-02,
        -8.5560912e-03, -4.5797457e-03, -1.9091219e-03, -6.1980117e-04,
        -1.5671027e-04],
       [-3.1551290e-03, -1.2478777e-02, -3.8437340e-02, -9.2206389e-02,
        -1.7226420e-01, -2.5064293e-01, -2.8401566e-01, -2.5064293e-01,
        -1.7226420e-01, -9.2206389e-02, -3.8437340e-02, -1.2478777e-02,
        -3.1551290e-03],
       [ 7.9583554e-03,  3.1475909e-02,  9.6952617e-02,  2.3257723e-01,
         4.3451148e-01,  6.3221049e-01,  7.1638834e-01,  6.3221049e-01,
         4.3451148e-01,  2.3257723e-01,  9.6952617e-02,  3.1475909e-02,
         7.9583554e-03],
       [-3.1551290e-03, -1.2478777e-02, -3.8437340e-02, -9.2206389e-02,
        -1.7226420e-01, -2.5064293e-01, -2.8401566e-01, -2.5064293e-01,
        -1.7226420e-01, -9.2206389e-02, -3.8437340e-02, -1.2478777e-02,
        -3.1551290e-03],
       [-1.5671027e-04, -6.1980117e-04, -1.9091219e-03, -4.5797457e-03,
        -8.5560912e-03, -1.2449039e-02, -1.4106610e-02, -1.2449039e-02,
        -8.5560912e-03, -4.5797457e-03, -1.9091219e-03, -6.1980117e-04,
        -1.5671027e-04],
       [ 7.4604577e-05,  2.9506683e-04,  9.0886978e-04,  2.1802653e-03,
         4.0732715e-03,  5.9265750e-03,  6.7156898e-03,  5.9265750e-03,
         4.0732715e-03,  2.1802653e-03,  9.0886978e-04,  2.9506683e-04,
         7.4604577e-05],
       [-2.5566931e-06, -1.0111918e-05, -3.1146898e-05, -7.4717522e-05,
        -1.3959072e-04, -2.0310329e-04, -2.3014618e-04, -2.0310329e-04,
        -1.3959072e-04, -7.4717522e-05, -3.1146898e-05, -1.0111918e-05,
        -2.5566931e-06],
       [ 1.2102911e-08,  4.7867939e-08,  1.4744364e-07,  3.5369888e-07,
         6.6079650e-07,  9.6145322e-07,  1.0894693e-06,  9.6145322e-07,
         6.6079650e-07,  3.5369888e-07,  1.4744364e-07,  4.7867939e-08,
         1.2102911e-08],
       [ 5.1412870e-11,  2.0334184e-10,  6.2633693e-10,  1.5025042e-09,
         2.8070475e-09,  4.0842298e-09,  4.6280388e-09,  4.0842298e-09,
         2.8070475e-09,  1.5025042e-09,  6.2633693e-10,  2.0334184e-10,
         5.1412870e-11]], dtype=float32), array([[-3.4510352e-14, -1.7525804e-13, -6.9315902e-13, -2.1350801e-12,
        -5.1217901e-12, -9.5687642e-12, -1.3922470e-11, -1.5776226e-11,
        -1.3922470e-11, -9.5687642e-12, -5.1217901e-12, -2.1350801e-12,
        -6.9315902e-13, -1.7525804e-13, -3.4510352e-14],
       [ 1.0114960e-11,  5.1368011e-11,  2.0316442e-10,  6.2579042e-10,
         1.5011933e-09,  2.8045983e-09,  4.0806660e-09,  4.6240007e-09,
         4.0806660e-09,  2.8045983e-09,  1.5011933e-09,  6.2579042e-10,
         2.0316442e-10,  5.1368011e-11,  1.0114960e-11],
       [ 2.3811249e-09,  1.2092350e-08,  4.7826173e-08,  1.4731499e-07,
         3.5339025e-07,  6.6021994e-07,  9.6061433e-07,  1.0885186e-06,
         9.6061433e-07,  6.6021994e-07,  3.5339025e-07,  1.4731499e-07,
         4.7826173e-08,  1.2092350e-08,  2.3811249e-09],
       [-5.0300343e-07, -2.5544623e-06, -1.0103095e-05, -3.1119722e-05,
        -7.4652329e-05, -1.3946892e-04, -2.0292608e-04, -2.2994536e-04,
        -2.0292608e-04, -1.3946892e-04, -7.4652329e-05, -3.1119722e-05,
        -1.0103095e-05, -2.5544623e-06, -5.0300343e-07],
       [ 1.4677695e-05,  7.4539479e-05,  2.9480938e-04,  9.0807676e-04,
         2.1783628e-03,  4.0697176e-03,  5.9214039e-03,  6.7098304e-03,
         5.9214039e-03,  4.0697176e-03,  2.1783628e-03,  9.0807676e-04,
         2.9480938e-04,  7.4539479e-05,  1.4677695e-05],
       [-3.0831157e-05, -1.5657354e-04, -6.1926036e-04, -1.9074561e-03,
        -4.5757494e-03, -8.5486257e-03, -1.2438177e-02, -1.4094301e-02,
        -1.2438177e-02, -8.5486257e-03, -4.5757494e-03, -1.9074561e-03,
        -6.1926036e-04, -1.5657354e-04, -3.0831157e-05],
       [-6.2073965e-04, -3.1523760e-03, -1.2467889e-02, -3.8403802e-02,
        -9.2125930e-02, -1.7211390e-01, -2.5042424e-01, -2.8376785e-01,
        -2.5042424e-01, -1.7211390e-01, -9.2125930e-02, -3.8403802e-02,
        -1.2467889e-02, -3.1523760e-03, -6.2073965e-04],
       [ 1.5657258e-03,  7.9514114e-03,  3.1448442e-02,  9.6868023e-02,
         2.3237431e-01,  4.3413237e-01,  6.3165885e-01,  7.1576327e-01,
         6.3165885e-01,  4.3413237e-01,  2.3237431e-01,  9.6868023e-02,
         3.1448442e-02,  7.9514114e-03,  1.5657258e-03],
       [-6.2073965e-04, -3.1523760e-03, -1.2467889e-02, -3.8403802e-02,
        -9.2125930e-02, -1.7211390e-01, -2.5042424e-01, -2.8376785e-01,
        -2.5042424e-01, -1.7211390e-01, -9.2125930e-02, -3.8403802e-02,
        -1.2467889e-02, -3.1523760e-03, -6.2073965e-04],
       [-3.0831157e-05, -1.5657354e-04, -6.1926036e-04, -1.9074561e-03,
        -4.5757494e-03, -8.5486257e-03, -1.2438177e-02, -1.4094301e-02,
        -1.2438177e-02, -8.5486257e-03, -4.5757494e-03, -1.9074561e-03,
        -6.1926036e-04, -1.5657354e-04, -3.0831157e-05],
       [ 1.4677695e-05,  7.4539479e-05,  2.9480938e-04,  9.0807676e-04,
         2.1783628e-03,  4.0697176e-03,  5.9214039e-03,  6.7098304e-03,
         5.9214039e-03,  4.0697176e-03,  2.1783628e-03,  9.0807676e-04,
         2.9480938e-04,  7.4539479e-05,  1.4677695e-05],
       [-5.0300343e-07, -2.5544623e-06, -1.0103095e-05, -3.1119722e-05,
        -7.4652329e-05, -1.3946892e-04, -2.0292608e-04, -2.2994536e-04,
        -2.0292608e-04, -1.3946892e-04, -7.4652329e-05, -3.1119722e-05,
        -1.0103095e-05, -2.5544623e-06, -5.0300343e-07],
       [ 2.3811249e-09,  1.2092350e-08,  4.7826173e-08,  1.4731499e-07,
         3.5339025e-07,  6.6021994e-07,  9.6061433e-07,  1.0885186e-06,
         9.6061433e-07,  6.6021994e-07,  3.5339025e-07,  1.4731499e-07,
         4.7826173e-08,  1.2092350e-08,  2.3811249e-09],
       [ 1.0114960e-11,  5.1368011e-11,  2.0316442e-10,  6.2579042e-10,
         1.5011933e-09,  2.8045983e-09,  4.0806660e-09,  4.6240007e-09,
         4.0806660e-09,  2.8045983e-09,  1.5011933e-09,  6.2579042e-10,
         2.0316442e-10,  5.1368011e-11,  1.0114960e-11],
       [-3.4510352e-14, -1.7525804e-13, -6.9315902e-13, -2.1350801e-12,
        -5.1217901e-12, -9.5687642e-12, -1.3922470e-11, -1.5776226e-11,
        -1.3922470e-11, -9.5687642e-12, -5.1217901e-12, -2.1350801e-12,
        -6.9315902e-13, -1.7525804e-13, -3.4510352e-14]], dtype=float32), array([[ 2.6035266e+00, -3.8362966e+00,  2.7084391e+00, -8.7552094e-01,
         1.1021299e-01, -2.2257693e-04, -9.2470949e-04],
       [-3.8362966e+00,  9.0872011e+00, -1.0428136e+01,  5.7337656e+00,
        -1.4434900e+00,  1.4151628e-01, -2.2257693e-04],
       [ 2.7084391e+00, -1.0428136e+01,  1.9237604e+01, -1.7193089e+01,
         7.3623013e+00, -1.4434900e+00,  1.1021299e-01],
       [-8.7552094e-01,  5.7337656e+00, -1.7193089e+01,  2.4701572e+01,
        -1.7193089e+01,  5.7337656e+00, -8.7552094e-01],
       [ 1.1021299e-01, -1.4434900e+00,  7.3623013e+00, -1.7193089e+01,
         1.9237604e+01, -1.0428136e+01,  2.7084391e+00],
       [-2.2257693e-04,  1.4151628e-01, -1.4434900e+00,  5.7337656e+00,
        -1.0428136e+01,  9.0872011e+00, -3.8362966e+00],
       [-9.2470949e-04, -2.2257693e-04,  1.1021299e-01, -8.7552094e-01,
         2.7084391e+00, -3.8362966e+00,  2.6035266e+00]], dtype=float32), array([[ 1.7930676e+00, -3.3925042e+00,  3.0753951e+00, -1.2765034e+00,
         2.0632976e-01, -5.3503586e-04, -2.8541817e-03,  2.5618504e-04,
        -8.8611687e-06],
       [-3.3925042e+00,  1.0318391e+01, -1.5204149e+01,  1.0734184e+01,
        -3.4698963e+00,  4.3680012e-01, -8.8212494e-04, -3.6648419e-03,
         2.5618504e-04],
       [ 3.0753951e+00, -1.5204149e+01,  3.6014725e+01, -4.1329163e+01,
         2.2724268e+01, -5.7208920e+00,  5.6086242e-01, -8.8212494e-04,
        -2.8541817e-03],
       [-1.2765034e+00,  1.0734184e+01, -4.1329163e+01,  7.6243172e+01,
        -6.8140266e+01,  2.9178539e+01, -5.7208920e+00,  4.3680012e-01,
        -5.3503586e-04],
       [ 2.0632976e-01, -3.4698963e+00,  2.2724268e+01, -6.8140266e+01,
         9.7898170e+01, -6.8140266e+01,  2.2724268e+01, -3.4698963e+00,
         2.0632976e-01],
       [-5.3503586e-04,  4.3680012e-01, -5.7208920e+00,  2.9178539e+01,
        -6.8140266e+01,  7.6243172e+01, -4.1329163e+01,  1.0734184e+01,
        -1.2765034e+00],
       [-2.8541817e-03, -8.8212494e-04,  5.6086242e-01, -5.7208920e+00,
         2.2724268e+01, -4.1329163e+01,  3.6014725e+01, -1.5204149e+01,
         3.0753951e+00],
       [ 2.5618504e-04, -3.6648419e-03, -8.8212494e-04,  4.3680012e-01,
        -3.4698963e+00,  1.0734184e+01, -1.5204149e+01,  1.0318391e+01,
        -3.3925042e+00],
       [-8.8611687e-06,  2.5618504e-04, -2.8541817e-03, -5.3503586e-04,
         2.0632976e-01, -1.2765034e+00,  3.0753951e+00, -3.3925042e+00,
         1.7930676e+00]], dtype=float32), array([[ 2.88052857e-01, -6.99792981e-01,  8.14561248e-01,
        -4.34128612e-01,  9.01014730e-02, -3.00003652e-04,
        -2.05493881e-03,  2.36834327e-04, -1.05185409e-05,
         2.13368878e-07, -2.07218820e-09],
       [-6.99792981e-01,  2.73296952e+00, -5.17080975e+00,
         4.68747616e+00, -1.94562948e+00,  3.14485073e-01,
        -8.15494452e-04, -4.35030553e-03,  3.90473811e-04,
        -1.35060745e-05,  2.13368878e-07],
       [ 8.14561248e-01, -5.17080975e+00,  1.57271528e+01,
        -2.31739597e+01,  1.63608990e+01, -5.28876925e+00,
         6.65764868e-01, -1.34452293e-03, -5.58590284e-03,
         3.90473811e-04, -1.05185409e-05],
       [-4.34128612e-01,  4.68747616e+00, -2.31739597e+01,
         5.48931580e+01, -6.29933548e+01,  3.46360245e+01,
        -8.71970654e+00,  8.54858994e-01, -1.34452293e-03,
        -4.35030553e-03,  2.36834327e-04],
       [ 9.01014730e-02, -1.94562948e+00,  1.63608990e+01,
        -6.29933548e+01,  1.16208817e+02, -1.03858482e+02,
         4.44735374e+01, -8.71970654e+00,  6.65764868e-01,
        -8.15494452e-04, -2.05493881e-03],
       [-3.00003652e-04,  3.14485073e-01, -5.28876925e+00,
         3.46360245e+01, -1.03858482e+02,  1.49215073e+02,
        -1.03858482e+02,  3.46360245e+01, -5.28876925e+00,
         3.14485073e-01, -3.00003652e-04],
       [-2.05493881e-03, -8.15494452e-04,  6.65764868e-01,
        -8.71970654e+00,  4.44735374e+01, -1.03858482e+02,
         1.16208817e+02, -6.29933548e+01,  1.63608990e+01,
        -1.94562948e+00,  9.01014730e-02],
       [ 2.36834327e-04, -4.35030553e-03, -1.34452293e-03,
         8.54858994e-01, -8.71970654e+00,  3.46360245e+01,
        -6.29933548e+01,  5.48931580e+01, -2.31739597e+01,
         4.68747616e+00, -4.34128612e-01],
       [-1.05185409e-05,  3.90473811e-04, -5.58590284e-03,
        -1.34452293e-03,  6.65764868e-01, -5.28876925e+00,
         1.63608990e+01, -2.31739597e+01,  1.57271528e+01,
        -5.17080975e+00,  8.14561248e-01],
       [ 2.13368878e-07, -1.35060745e-05,  3.90473811e-04,
        -4.35030553e-03, -8.15494452e-04,  3.14485073e-01,
        -1.94562948e+00,  4.68747616e+00, -5.17080975e+00,
         2.73296952e+00, -6.99792981e-01],
       [-2.07218820e-09,  2.13368878e-07, -1.05185409e-05,
         2.36834327e-04, -2.05493881e-03, -3.00003652e-04,
         9.01014730e-02, -4.34128612e-01,  8.14561248e-01,
        -6.99792981e-01,  2.88052857e-01]], dtype=float32), array([[ 1.91086829e-02, -5.96076176e-02,  8.90901238e-02,
        -6.09674230e-02,  1.62474401e-02, -6.94629489e-05,
        -6.10940857e-04,  9.04104381e-05, -5.15588272e-06,
         1.34292648e-07, -1.67464975e-09,  1.01169550e-11,
        -2.93057713e-14],
       [-5.96076176e-02,  2.98910081e-01, -7.26169407e-01,
         8.45263541e-01, -4.50491697e-01,  9.34975594e-02,
        -3.11311305e-04, -2.13239319e-03,  2.45761039e-04,
        -1.09150042e-05,  2.21411128e-07, -2.15029283e-09,
         1.01169550e-11],
       [ 8.90901238e-02, -7.26169407e-01,  2.83597994e+00,
        -5.36570644e+00,  4.86415529e+00, -2.01896381e+00,
         3.26338559e-01, -8.46231880e-04, -4.51427652e-03,
         4.05191473e-04, -1.40151424e-05,  2.21411128e-07,
        -1.67464975e-09],
       [-6.09674230e-02,  8.45263541e-01, -5.36570644e+00,
         1.63199368e+01, -2.40474281e+01,  1.69775715e+01,
        -5.48811293e+00,  6.90858722e-01, -1.39520050e-03,
        -5.79644553e-03,  4.05191473e-04, -1.09150042e-05,
         1.34292648e-07],
       [ 1.62474401e-02, -4.50491697e-01,  4.86415529e+00,
        -2.40474281e+01,  5.69621811e+01, -6.53676910e+01,
         3.59415169e+01, -9.04836750e+00,  8.87080193e-01,
        -1.39520050e-03, -4.51427652e-03,  2.45761039e-04,
        -5.15588272e-06],
       [-6.94629489e-05,  9.34975594e-02, -2.01896381e+00,
         1.69775715e+01, -6.53676910e+01,  1.20588936e+02,
        -1.07773094e+02,  4.61498260e+01, -9.04836750e+00,
         6.90858722e-01, -8.46231880e-04, -2.13239319e-03,
         9.04104381e-05],
       [-6.10940857e-04, -3.11311305e-04,  3.26338559e-01,
        -5.48811293e+00,  3.59415169e+01, -1.07773094e+02,
         1.54839264e+02, -1.07773094e+02,  3.59415169e+01,
        -5.48811293e+00,  3.26338559e-01, -3.11311305e-04,
        -6.10940857e-04],
       [ 9.04104381e-05, -2.13239319e-03, -8.46231880e-04,
         6.90858722e-01, -9.04836750e+00,  4.61498260e+01,
        -1.07773094e+02,  1.20588936e+02, -6.53676910e+01,
         1.69775715e+01, -2.01896381e+00,  9.34975594e-02,
        -6.94629489e-05],
       [-5.15588272e-06,  2.45761039e-04, -4.51427652e-03,
        -1.39520050e-03,  8.87080193e-01, -9.04836750e+00,
         3.59415169e+01, -6.53676910e+01,  5.69621811e+01,
        -2.40474281e+01,  4.86415529e+00, -4.50491697e-01,
         1.62474401e-02],
       [ 1.34292648e-07, -1.09150042e-05,  4.05191473e-04,
        -5.79644553e-03, -1.39520050e-03,  6.90858722e-01,
        -5.48811293e+00,  1.69775715e+01, -2.40474281e+01,
         1.63199368e+01, -5.36570644e+00,  8.45263541e-01,
        -6.09674230e-02],
       [-1.67464975e-09,  2.21411128e-07, -1.40151424e-05,
         4.05191473e-04, -4.51427652e-03, -8.46231880e-04,
         3.26338559e-01, -2.01896381e+00,  4.86415529e+00,
        -5.36570644e+00,  2.83597994e+00, -7.26169407e-01,
         8.90901238e-02],
       [ 1.01169550e-11, -2.15029283e-09,  2.21411128e-07,
        -1.09150042e-05,  2.45761039e-04, -2.13239319e-03,
        -3.11311305e-04,  9.34975594e-02, -4.50491697e-01,
         8.45263541e-01, -7.26169407e-01,  2.98910081e-01,
        -5.96076176e-02],
       [-2.93057713e-14,  1.01169550e-11, -1.67464975e-09,
         1.34292648e-07, -5.15588272e-06,  9.04104381e-05,
        -6.10940857e-04, -6.94629489e-05,  1.62474401e-02,
        -6.09674230e-02,  8.90901238e-02, -5.96076176e-02,
         1.91086829e-02]], dtype=float32), array([[ 7.42167002e-04, -2.97266711e-03,  5.70489559e-03,
        -5.01290662e-03,  1.71534042e-03, -9.41655890e-06,
        -1.06343708e-04,  2.02071369e-05, -1.47966318e-06,
         4.94863848e-08, -7.92375610e-10,  6.14653771e-12,
        -2.28616463e-14,  3.90266195e-17, -2.62016907e-20],
       [-2.97266711e-03,  1.91407390e-02, -5.97076155e-02,
         8.92395824e-02, -6.10697009e-02,  1.62746981e-02,
        -6.95794806e-05, -6.11965777e-04,  9.05621127e-05,
        -5.16453247e-06,  1.34517933e-07, -1.67745906e-09,
         1.01339267e-11, -2.93549331e-14,  3.90266195e-17],
       [ 5.70489559e-03, -5.97076155e-02,  2.99411535e-01,
        -7.27387667e-01,  8.46681535e-01, -4.51247454e-01,
         9.36544091e-02, -3.11833574e-04, -2.13597040e-03,
         2.46173324e-04, -1.09333150e-05,  2.21782571e-07,
        -2.15390017e-09,  1.01339267e-11, -2.28616463e-14],
       [-5.01290662e-03,  8.92395824e-02, -7.27387667e-01,
         2.84073758e+00, -5.37470818e+00,  4.87231541e+00,
        -2.02235079e+00,  3.26886028e-01, -8.47651565e-04,
        -4.52184957e-03,  4.05871222e-04, -1.40386546e-05,
         2.21782571e-07, -1.67745906e-09,  6.14653771e-12],
       [ 1.71534042e-03, -6.10697009e-02,  8.46681535e-01,
        -5.37470818e+00,  1.63473167e+01, -2.40877705e+01,
         1.70060520e+01, -5.49731970e+00,  6.92017734e-01,
        -1.39754103e-03, -5.80616994e-03,  4.05871222e-04,
        -1.09333150e-05,  1.34517933e-07, -7.92375610e-10],
       [-9.41655890e-06,  1.62746981e-02, -4.51247454e-01,
         4.87231541e+00, -2.40877705e+01,  5.70577431e+01,
        -6.54773483e+01,  3.60018158e+01, -9.06354713e+00,
         8.88568342e-01, -1.39754103e-03, -4.52184957e-03,
         2.46173324e-04, -5.16453247e-06,  4.94863848e-08],
       [-1.06343708e-04, -6.95794806e-05,  9.36544091e-02,
        -2.02235079e+00,  1.70060520e+01, -6.54773483e+01,
         1.20791237e+02, -1.07953896e+02,  4.62272453e+01,
        -9.06354713e+00,  6.92017734e-01, -8.47651565e-04,
        -2.13597040e-03,  9.05621127e-05, -1.47966318e-06],
       [ 2.02071369e-05, -6.11965777e-04, -3.11833574e-04,
         3.26886028e-01, -5.49731970e+00,  3.60018158e+01,
        -1.07953896e+02,  1.55099014e+02, -1.07953896e+02,
         3.60018158e+01, -5.49731970e+00,  3.26886028e-01,
        -3.11833574e-04, -6.11965777e-04,  2.02071369e-05],
       [-1.47966318e-06,  9.05621127e-05, -2.13597040e-03,
        -8.47651565e-04,  6.92017734e-01, -9.06354713e+00,
         4.62272453e+01, -1.07953896e+02,  1.20791237e+02,
        -6.54773483e+01,  1.70060520e+01, -2.02235079e+00,
         9.36544091e-02, -6.95794806e-05, -1.06343708e-04],
       [ 4.94863848e-08, -5.16453247e-06,  2.46173324e-04,
        -4.52184957e-03, -1.39754103e-03,  8.88568342e-01,
        -9.06354713e+00,  3.60018158e+01, -6.54773483e+01,
         5.70577431e+01, -2.40877705e+01,  4.87231541e+00,
        -4.51247454e-01,  1.62746981e-02, -9.41655890e-06],
       [-7.92375610e-10,  1.34517933e-07, -1.09333150e-05,
         4.05871222e-04, -5.80616994e-03, -1.39754103e-03,
         6.92017734e-01, -5.49731970e+00,  1.70060520e+01,
        -2.40877705e+01,  1.63473167e+01, -5.37470818e+00,
         8.46681535e-01, -6.10697009e-02,  1.71534042e-03],
       [ 6.14653771e-12, -1.67745906e-09,  2.21782571e-07,
        -1.40386546e-05,  4.05871222e-04, -4.52184957e-03,
        -8.47651565e-04,  3.26886028e-01, -2.02235079e+00,
         4.87231541e+00, -5.37470818e+00,  2.84073758e+00,
        -7.27387667e-01,  8.92395824e-02, -5.01290662e-03],
       [-2.28616463e-14,  1.01339267e-11, -2.15390017e-09,
         2.21782571e-07, -1.09333150e-05,  2.46173324e-04,
        -2.13597040e-03, -3.11833574e-04,  9.36544091e-02,
        -4.51247454e-01,  8.46681535e-01, -7.27387667e-01,
         2.99411535e-01, -5.97076155e-02,  5.70489559e-03],
       [ 3.90266195e-17, -2.93549331e-14,  1.01339267e-11,
        -1.67745906e-09,  1.34517933e-07, -5.16453247e-06,
         9.05621127e-05, -6.11965777e-04, -6.95794806e-05,
         1.62746981e-02, -6.10697009e-02,  8.92395824e-02,
        -5.97076155e-02,  1.91407390e-02, -2.97266711e-03],
       [-2.62016907e-20,  3.90266195e-17, -2.28616463e-14,
         6.14653771e-12, -7.92375610e-10,  4.94863848e-08,
        -1.47966318e-06,  2.02071369e-05, -1.06343708e-04,
        -9.41655890e-06,  1.71534042e-03, -5.01290662e-03,
         5.70489559e-03, -2.97266711e-03,  7.42167002e-04]], dtype=float32)]
02:04:14 ->GaborFaceUI|变量变更 ―>

[[[64 64 64]
  [78 78 78]
  [72 72 72]
  ...
  [60 60 60]
  [43 43 43]
  [15 15 15]]

 [[65 65 65]
  [83 83 83]
  [78 78 78]
  ...
  [60 60 60]
  [44 44 44]
  [16 16 16]]

 [[66 66 66]
  [86 86 86]
  [79 79 79]
  ...
  [58 58 58]
  [45 45 45]
  [17 17 17]]

 ...

 [[33 33 33]
  [30 30 30]
  [17 17 17]
  ...
  [47 47 47]
  [35 35 35]
  [14 14 14]]

 [[35 35 35]
  [35 35 35]
  [22 22 22]
  ...
  [53 53 53]
  [38 38 38]
  [14 14 14]]

 [[34 34 34]
  [35 35 35]
  [21 21 21]
  ...
  [51 51 51]
  [36 36 36]
  [14 14 14]]]
02:04:15 ->GaborImgPre|变量变更 ―>

[[64 78 72 ... 60 43 15]
 [65 83 78 ... 60 44 16]
 [66 86 79 ... 58 45 17]
 ...
 [33 30 17 ... 47 35 14]
 [35 35 22 ... 53 38 14]
 [34 35 21 ... 51 36 14]]
02:04:15 ->GaborKenel|变量变更 ―>

[[[ 46.383106   46.383106   46.383106 ]
  [740.0374    740.0374    740.0374   ]
  [ 58.708664   58.708664   58.708664 ]
  ...
  [353.13968   353.13968   353.13968  ]
  [226.36493   226.36493   226.36493  ]
  [ 27.761969   27.761969   27.761969 ]]

 [[767.5597    767.5597    767.5597   ]
  [ 64.55443    64.55443    64.55443  ]
  [437.51413   437.51413   437.51413  ]
  ...
  [247.3191    247.3191    247.3191   ]
  [230.20059   230.20059   230.20059  ]
  [229.56152   229.56152   229.56152  ]]

 [[ 75.31452    75.31452    75.31452  ]
  [475.05255   475.05255   475.05255  ]
  [339.31128   339.31128   339.31128  ]
  ...
  [ 37.523396   37.523396   37.523396 ]
  [369.22437   369.22437   369.22437  ]
  [ 69.09483    69.09483    69.09483  ]]

 ...

 [[ 72.686966   72.686966   72.686966 ]
  [446.70575   446.70575   446.70575  ]
  [ 15.3580065  15.3580065  15.3580065]
  ...
  [410.5782    410.5782    410.5782   ]
  [ 72.3285     72.3285     72.3285   ]
  [367.0687    367.0687    367.0687   ]]

 [[134.64082   134.64082   134.64082  ]
  [ 17.699064   17.699064   17.699064 ]
  [562.70465   562.70465   562.70465  ]
  ...
  [214.91626   214.91626   214.91626  ]
  [384.832     384.832     384.832    ]
  [ 29.487587   29.487587   29.487587 ]]

 [[162.32195   162.32195   162.32195  ]
  [102.97585   102.97585   102.97585  ]
  [ 14.726388   14.726388   14.726388 ]
  ...
  [ 42.845078   42.845078   42.845078 ]
  [ 76.14126    76.14126    76.14126  ]
  [392.72864   392.72864   392.72864  ]]]
02:04:15 ->GaborKenel|变量变更 ―>

池化后结果-> [[[1.1019608  1.1019608  1.1019608 ]
  [1.1019608  1.1019608  1.1019608 ]
  [1.1019608  1.1019608  1.1019608 ]
  ...
  [0.81960785 0.81960785 0.81960785]
  [0.81960785 0.81960785 0.81960785]
  [0.10887046 0.10887046 0.10887046]]

 [[1.6588235  1.6588235  1.6588235 ]
  [1.6588235  1.6588235  1.6588235 ]
  [1.6588235  1.6588235  1.6588235 ]
  ...
  [1.1215687  1.1215687  1.1215687 ]
  [1.1215687  1.1215687  1.1215687 ]
  [0.90024126 0.90024126 0.90024126]]

 [[1.1607844  1.1607844  1.1607844 ]
  [1.1607844  1.1607844  1.1607844 ]
  [1.1607844  1.1607844  1.1607844 ]
  ...
  [0.9529412  0.9529412  0.9529412 ]
  [0.9529412  0.9529412  0.9529412 ]
  [0.27096012 0.27096012 0.27096012]]

 ...

 [[0.69803923 0.69803923 0.69803923]
  [0.69803923 0.69803923 0.69803923]
  [0.69803923 0.69803923 0.69803923]
  ...
  [0.81960785 0.81960785 0.81960785]
  [0.81960785 0.81960785 0.81960785]
  [1.4394851  1.4394851  1.4394851 ]]

 [[0.93333334 0.93333334 0.93333334]
  [0.93333334 0.93333334 0.93333334]
  [0.93333334 0.93333334 0.93333334]
  ...
  [0.8117647  0.8117647  0.8117647 ]
  [0.8117647  0.8117647  0.8117647 ]
  [0.11563759 0.11563759 0.11563759]]

 [[0.3647059  0.3647059  0.3647059 ]
  [0.3647059  0.3647059  0.3647059 ]
  [0.3647059  0.3647059  0.3647059 ]
  ...
  [0.57254905 0.57254905 0.57254905]
  [0.57254905 0.57254905 0.57254905]
  [1.5401123  1.5401123  1.5401123 ]]]
02:04:16 ->GaborDiscriminatr|变量变更 ―>

预测的直接返回值[[1.6511983e-11 1.0000000e+00 9.6186694e-23 0.0000000e+00 7.4264834e-19
  6.6587397e-17 5.2464605e-32 0.0000000e+00 6.7046088e-35 6.7965327e-22
  0.0000000e+00 0.0000000e+00 0.0000000e+00 8.2635289e-28 2.5359580e-32
  6.6262312e-24 0.0000000e+00 4.6954714e-26 0.0000000e+00 1.4300272e-36
  0.0000000e+00 7.4751560e-38 0.0000000e+00 6.1456264e-26]]
02:04:16 ->GaborDiscriminatr|变量变更 ―>

预测的处理返回值1
02:04:16 ->GaborFaceUI|变量变更 ―>

1
