02:00:19 ->GaborKenel|变量变更 ―>

[array([[0.00014249, 0.00221844, 0.01131281, 0.01942539, 0.01131281,
        0.00221844, 0.00014249],
       [0.00026621, 0.00414459, 0.02113512, 0.0362914 , 0.02113512,
        0.00414459, 0.00026621],
       [0.00038734, 0.00603035, 0.03075142, 0.05280367, 0.03075142,
        0.00603035, 0.00038734],
       [0.00043891, 0.00683328, 0.03484592, 0.0598344 , 0.03484592,
        0.00683328, 0.00043891],
       [0.00038734, 0.00603035, 0.03075142, 0.05280367, 0.03075142,
        0.00603035, 0.00038734],
       [0.00026621, 0.00414459, 0.02113512, 0.0362914 , 0.02113512,
        0.00414459, 0.00026621],
       [0.00014249, 0.00221844, 0.01131281, 0.01942539, 0.01131281,
        0.00221844, 0.00014249]], dtype=float32), array([[1.0884681e-06, 5.6111196e-05, 8.7357609e-04, 4.4547510e-03,
        7.6493127e-03, 4.4547510e-03, 8.7357609e-04, 5.6111196e-05,
        1.0884681e-06],
       [2.6110995e-06, 1.3460378e-04, 2.0956001e-03, 1.0686392e-02,
        1.8349746e-02, 1.0686392e-02, 2.0956001e-03, 1.3460378e-04,
        2.6110995e-06],
       [4.8781758e-06, 2.5147293e-04, 3.9150962e-03, 1.9964809e-02,
        3.4281842e-02, 1.9964809e-02, 3.9150962e-03, 2.5147293e-04,
        4.8781758e-06],
       [7.0977039e-06, 3.6589094e-04, 5.6964317e-03, 2.9048625e-02,
        4.9879786e-02, 2.9048625e-02, 5.6964317e-03, 3.6589094e-04,
        7.0977039e-06],
       [8.0427526e-06, 4.1460877e-04, 6.4549027e-03, 3.2916404e-02,
        5.6521200e-02, 3.2916404e-02, 6.4549027e-03, 4.1460877e-04,
        8.0427526e-06],
       [7.0977039e-06, 3.6589094e-04, 5.6964317e-03, 2.9048625e-02,
        4.9879786e-02, 2.9048625e-02, 5.6964317e-03, 3.6589094e-04,
        7.0977039e-06],
       [4.8781758e-06, 2.5147293e-04, 3.9150962e-03, 1.9964809e-02,
        3.4281842e-02, 1.9964809e-02, 3.9150962e-03, 2.5147293e-04,
        4.8781758e-06],
       [2.6110995e-06, 1.3460378e-04, 2.0956001e-03, 1.0686392e-02,
        1.8349746e-02, 1.0686392e-02, 2.0956001e-03, 1.3460378e-04,
        2.6110995e-06],
       [1.0884681e-06, 5.6111196e-05, 8.7357609e-04, 4.4547510e-03,
        7.6493127e-03, 4.4547510e-03, 8.7357609e-04, 5.6111196e-05,
        1.0884681e-06]], dtype=float32), array([[1.4023832e-09, 3.4714569e-07, 1.7895572e-05, 2.7861007e-04,
        1.4207559e-03, 2.4395990e-03, 1.4207559e-03, 2.7861007e-04,
        1.7895572e-05, 3.4714569e-07, 1.4023832e-09],
       [4.3196442e-09, 1.0692841e-06, 5.5122240e-05, 8.5817941e-04,
        4.3762363e-03, 7.5144940e-03, 4.3762363e-03, 8.5817941e-04,
        5.5122240e-05, 1.0692841e-06, 4.3196442e-09],
       [1.0362288e-08, 2.5650791e-06, 1.3223139e-04, 2.0586653e-03,
        1.0498045e-02, 1.8026335e-02, 1.0498045e-02, 2.0586653e-03,
        1.3223139e-04, 2.5650791e-06, 1.0362288e-08],
       [1.9359302e-08, 4.7921985e-06, 2.4704073e-04, 3.8460931e-03,
        1.9612931e-02, 3.3677626e-02, 1.9612931e-02, 3.8460931e-03,
        2.4704073e-04, 4.7921985e-06, 1.9359302e-08],
       [2.8167618e-08, 6.9726075e-06, 3.5944217e-04, 5.5960324e-03,
        2.8536646e-02, 4.9000658e-02, 2.8536646e-02, 5.5960324e-03,
        3.5944217e-04, 6.9726075e-06, 2.8167618e-08],
       [3.1918091e-08, 7.9009997e-06, 4.0730136e-04, 6.3411356e-03,
        3.2336257e-02, 5.5525020e-02, 3.2336257e-02, 6.3411356e-03,
        4.0730136e-04, 7.9009997e-06, 3.1918091e-08],
       [2.8167618e-08, 6.9726075e-06, 3.5944217e-04, 5.5960324e-03,
        2.8536646e-02, 4.9000658e-02, 2.8536646e-02, 5.5960324e-03,
        3.5944217e-04, 6.9726075e-06, 2.8167618e-08],
       [1.9359302e-08, 4.7921985e-06, 2.4704073e-04, 3.8460931e-03,
        1.9612931e-02, 3.3677626e-02, 1.9612931e-02, 3.8460931e-03,
        2.4704073e-04, 4.7921985e-06, 1.9359302e-08],
       [1.0362288e-08, 2.5650791e-06, 1.3223139e-04, 2.0586653e-03,
        1.0498045e-02, 1.8026335e-02, 1.0498045e-02, 2.0586653e-03,
        1.3223139e-04, 2.5650791e-06, 1.0362288e-08],
       [4.3196442e-09, 1.0692841e-06, 5.5122240e-05, 8.5817941e-04,
        4.3762363e-03, 7.5144940e-03, 4.3762363e-03, 8.5817941e-04,
        5.5122240e-05, 1.0692841e-06, 4.3196442e-09],
       [1.4023832e-09, 3.4714569e-07, 1.7895572e-05, 2.7861007e-04,
        1.4207559e-03, 2.4395990e-03, 1.4207559e-03, 2.7861007e-04,
        1.7895572e-05, 3.4714569e-07, 1.4023832e-09]], dtype=float32), array([[-1.1967920e-12,  3.5300499e-10,  8.7382794e-08,  4.5046359e-06,
         7.0131144e-05,  3.5762973e-04,  6.1409082e-04,  3.5762973e-04,
         7.0131144e-05,  4.5046359e-06,  8.7382794e-08,  3.5300499e-10,
        -1.1967920e-12],
       [-4.7334042e-12,  1.3961617e-09,  3.4560566e-07,  1.7816181e-05,
         2.7737406e-04,  1.4144530e-03,  2.4287764e-03,  1.4144530e-03,
         2.7737406e-04,  1.7816181e-05,  3.4560566e-07,  1.3961617e-09,
        -4.7334042e-12],
       [-1.4579912e-11,  4.3004809e-09,  1.0645404e-06,  5.4877699e-05,
         8.5437228e-04,  4.3568220e-03,  7.4811573e-03,  4.3568220e-03,
         8.5437228e-04,  5.4877699e-05,  1.0645404e-06,  4.3004809e-09,
        -1.4579912e-11],
       [-3.4975387e-11,  1.0316318e-08,  2.5536997e-06,  1.3164477e-04,
         2.0495325e-03,  1.0451472e-02,  1.7946364e-02,  1.0451472e-02,
         2.0495325e-03,  1.3164477e-04,  2.5536997e-06,  1.0316318e-08,
        -3.4975387e-11],
       [-6.5342627e-11,  1.9273418e-08,  4.7709386e-06,  2.4594480e-04,
         3.8290308e-03,  1.9525921e-02,  3.3528224e-02,  1.9525921e-02,
         3.8290308e-03,  2.4594480e-04,  4.7709386e-06,  1.9273418e-08,
        -6.5342627e-11],
       [-9.5072963e-11,  2.8042658e-08,  6.9416747e-06,  3.5784757e-04,
         5.5712066e-03,  2.8410049e-02,  4.8783276e-02,  2.8410049e-02,
         5.5712066e-03,  3.5784757e-04,  6.9416747e-06,  2.8042658e-08,
        -9.5072963e-11],
       [-1.0773178e-10,  3.1776494e-08,  7.8659486e-06,  4.0549441e-04,
         6.3130045e-03,  3.2192804e-02,  5.5278692e-02,  3.2192804e-02,
         6.3130045e-03,  4.0549441e-04,  7.8659486e-06,  3.1776494e-08,
        -1.0773178e-10],
       [-9.5072963e-11,  2.8042658e-08,  6.9416747e-06,  3.5784757e-04,
         5.5712066e-03,  2.8410049e-02,  4.8783276e-02,  2.8410049e-02,
         5.5712066e-03,  3.5784757e-04,  6.9416747e-06,  2.8042658e-08,
        -9.5072963e-11],
       [-6.5342627e-11,  1.9273418e-08,  4.7709386e-06,  2.4594480e-04,
         3.8290308e-03,  1.9525921e-02,  3.3528224e-02,  1.9525921e-02,
         3.8290308e-03,  2.4594480e-04,  4.7709386e-06,  1.9273418e-08,
        -6.5342627e-11],
       [-3.4975387e-11,  1.0316318e-08,  2.5536997e-06,  1.3164477e-04,
         2.0495325e-03,  1.0451472e-02,  1.7946364e-02,  1.0451472e-02,
         2.0495325e-03,  1.3164477e-04,  2.5536997e-06,  1.0316318e-08,
        -3.4975387e-11],
       [-1.4579912e-11,  4.3004809e-09,  1.0645404e-06,  5.4877699e-05,
         8.5437228e-04,  4.3568220e-03,  7.4811573e-03,  4.3568220e-03,
         8.5437228e-04,  5.4877699e-05,  1.0645404e-06,  4.3004809e-09,
        -1.4579912e-11],
       [-4.7334042e-12,  1.3961617e-09,  3.4560566e-07,  1.7816181e-05,
         2.7737406e-04,  1.4144530e-03,  2.4287764e-03,  1.4144530e-03,
         2.7737406e-04,  1.7816181e-05,  3.4560566e-07,  1.3961617e-09,
        -4.7334042e-12],
       [-1.1967920e-12,  3.5300499e-10,  8.7382794e-08,  4.5046359e-06,
         7.0131144e-05,  3.5762973e-04,  6.1409082e-04,  3.5762973e-04,
         7.0131144e-05,  4.5046359e-06,  8.7382794e-08,  3.5300499e-10,
        -1.1967920e-12]], dtype=float32), array([[-1.10650677e-15, -2.35456619e-13,  6.94501262e-11,
         1.71916721e-08,  8.86241139e-07,  1.37975876e-05,
         7.03600017e-05,  1.20816105e-04,  7.03600017e-05,
         1.37975876e-05,  8.86241139e-07,  1.71916721e-08,
         6.94501262e-11, -2.35456619e-13, -1.10650677e-15],
       [-5.61930509e-15, -1.19574739e-12,  3.52696844e-10,
         8.73065176e-08,  4.50070411e-06,  7.00699311e-05,
         3.57317564e-04,  6.13554788e-04,  3.57317564e-04,
         7.00699311e-05,  4.50070411e-06,  8.73065176e-08,
         3.52696844e-10, -1.19574739e-12, -5.61930509e-15],
       [-2.22247808e-14, -4.72927253e-12,  1.39494305e-09,
         3.45303988e-07,  1.78006303e-05,  2.77131941e-04,
         1.41321833e-03,  2.42665620e-03,  1.41321833e-03,
         2.77131941e-04,  1.78006303e-05,  3.45303988e-07,
         1.39494305e-09, -4.72927253e-12, -2.22247808e-14],
       [-6.84571486e-14, -1.45671843e-11,  4.29672697e-09,
         1.06361108e-06,  5.48297976e-05,  8.53626523e-04,
         4.35301941e-03,  7.47462735e-03,  4.35301941e-03,
         8.53626523e-04,  5.48297976e-05,  1.06361108e-06,
         4.29672697e-09, -1.45671843e-11, -6.84571486e-14],
       [-1.64220159e-13, -3.49448595e-11,  1.03073132e-08,
         2.55147052e-06,  1.31529858e-04,  2.04774342e-03,
         1.04423501e-02,  1.79306995e-02,  1.04423501e-02,
         2.04774342e-03,  1.31529858e-04,  2.55147052e-06,
         1.03073132e-08, -3.49448595e-11, -1.64220159e-13],
       [-3.06803655e-13, -6.52855894e-11,  1.92565945e-08,
         4.76677405e-06,  2.45730131e-04,  3.82568850e-03,
         1.95088778e-02,  3.34989578e-02,  1.95088778e-02,
         3.82568850e-03,  2.45730131e-04,  4.76677405e-06,
         1.92565945e-08, -6.52855894e-11, -3.06803655e-13],
       [-4.46396690e-13, -9.49899812e-11,  2.80181798e-08,
         6.93561560e-06,  3.57535202e-04,  5.56634367e-03,
         2.83852499e-02,  4.87406924e-02,  2.83852499e-02,
         5.56634367e-03,  3.57535202e-04,  6.93561560e-06,
         2.80181798e-08, -9.49899812e-11, -4.46396690e-13],
       [-5.05833710e-13, -1.07637746e-10,  3.17487583e-08,
         7.85908287e-06,  4.05140483e-04,  6.30749390e-03,
         3.21647041e-02,  5.52304424e-02,  3.21647041e-02,
         6.30749390e-03,  4.05140483e-04,  7.85908287e-06,
         3.17487583e-08, -1.07637746e-10, -5.05833710e-13],
       [-4.46396690e-13, -9.49899812e-11,  2.80181798e-08,
         6.93561560e-06,  3.57535202e-04,  5.56634367e-03,
         2.83852499e-02,  4.87406924e-02,  2.83852499e-02,
         5.56634367e-03,  3.57535202e-04,  6.93561560e-06,
         2.80181798e-08, -9.49899812e-11, -4.46396690e-13],
       [-3.06803655e-13, -6.52855894e-11,  1.92565945e-08,
         4.76677405e-06,  2.45730131e-04,  3.82568850e-03,
         1.95088778e-02,  3.34989578e-02,  1.95088778e-02,
         3.82568850e-03,  2.45730131e-04,  4.76677405e-06,
         1.92565945e-08, -6.52855894e-11, -3.06803655e-13],
       [-1.64220159e-13, -3.49448595e-11,  1.03073132e-08,
         2.55147052e-06,  1.31529858e-04,  2.04774342e-03,
         1.04423501e-02,  1.79306995e-02,  1.04423501e-02,
         2.04774342e-03,  1.31529858e-04,  2.55147052e-06,
         1.03073132e-08, -3.49448595e-11, -1.64220159e-13],
       [-6.84571486e-14, -1.45671843e-11,  4.29672697e-09,
         1.06361108e-06,  5.48297976e-05,  8.53626523e-04,
         4.35301941e-03,  7.47462735e-03,  4.35301941e-03,
         8.53626523e-04,  5.48297976e-05,  1.06361108e-06,
         4.29672697e-09, -1.45671843e-11, -6.84571486e-14],
       [-2.22247808e-14, -4.72927253e-12,  1.39494305e-09,
         3.45303988e-07,  1.78006303e-05,  2.77131941e-04,
         1.41321833e-03,  2.42665620e-03,  1.41321833e-03,
         2.77131941e-04,  1.78006303e-05,  3.45303988e-07,
         1.39494305e-09, -4.72927253e-12, -2.22247808e-14],
       [-5.61930509e-15, -1.19574739e-12,  3.52696844e-10,
         8.73065176e-08,  4.50070411e-06,  7.00699311e-05,
         3.57317564e-04,  6.13554788e-04,  3.57317564e-04,
         7.00699311e-05,  4.50070411e-06,  8.73065176e-08,
         3.52696844e-10, -1.19574739e-12, -5.61930509e-15],
       [-1.10650677e-15, -2.35456619e-13,  6.94501262e-11,
         1.71916721e-08,  8.86241139e-07,  1.37975876e-05,
         7.03600017e-05,  1.20816105e-04,  7.03600017e-05,
         1.37975876e-05,  8.86241139e-07,  1.71916721e-08,
         6.94501262e-11, -2.35456619e-13, -1.10650677e-15]], dtype=float32), array([[-1.50182395e-19, -1.69665583e-16, -3.61036071e-14,
         1.06490962e-11,  2.63607558e-09,  1.35891298e-07,
         2.11564520e-06,  1.07886108e-05,  1.85252684e-05,
         1.07886108e-05,  2.11564520e-06,  1.35891298e-07,
         2.63607558e-09,  1.06490962e-11, -3.61036071e-14,
        -1.69665583e-16, -1.50182395e-19],
       [-9.79312155e-19, -1.10635865e-15, -2.35425096e-13,
         6.94408281e-11,  1.71893717e-08,  8.86122507e-07,
         1.37957404e-05,  7.03505866e-05,  1.20799930e-04,
         7.03505866e-05,  1.37957404e-05,  8.86122507e-07,
         1.71893717e-08,  6.94408281e-11, -2.35425096e-13,
        -1.10635865e-15, -9.79312155e-19],
       [-4.97335767e-18, -5.61855250e-15, -1.19558725e-12,
         3.52649632e-10,  8.72948291e-08,  4.50010157e-06,
         7.00605451e-05,  3.57269746e-04,  6.13472657e-04,
         3.57269746e-04,  7.00605451e-05,  4.50010157e-06,
         8.72948291e-08,  3.52649632e-10, -1.19558725e-12,
        -5.61855250e-15, -4.97335767e-18],
       [-1.96700125e-17, -2.22218060e-14, -4.72863936e-12,
         1.39475631e-09,  3.45257746e-07,  1.77982474e-05,
         2.77094863e-04,  1.41302915e-03,  2.42633140e-03,
         1.41302915e-03,  2.77094863e-04,  1.77982474e-05,
         3.45257746e-07,  1.39475631e-09, -4.72863936e-12,
        -2.22218060e-14, -1.96700125e-17],
       [-6.05878961e-17, -6.84479803e-14, -1.45652344e-11,
         4.29615188e-09,  1.06346874e-06,  5.48224598e-05,
         8.53512203e-04,  4.35243640e-03,  7.47362664e-03,
         4.35243640e-03,  8.53512203e-04,  5.48224598e-05,
         1.06346874e-06,  4.29615188e-09, -1.45652344e-11,
        -6.84479803e-14, -6.05878961e-17],
       [-1.45342807e-16, -1.64198177e-13, -3.49401792e-11,
         1.03059330e-08,  2.55112900e-06,  1.31512250e-04,
         2.04746937e-03,  1.04409521e-02,  1.79282986e-02,
         1.04409521e-02,  2.04746937e-03,  1.31512250e-04,
         2.55112900e-06,  1.03059330e-08, -3.49401792e-11,
        -1.64198177e-13, -1.45342807e-16],
       [-2.71536131e-16, -3.06762563e-13, -6.52768534e-11,
         1.92540170e-08,  4.76613604e-06,  2.45697214e-04,
         3.82517627e-03,  1.95062663e-02,  3.34944725e-02,
         1.95062663e-02,  3.82517627e-03,  2.45697214e-04,
         4.76613604e-06,  1.92540170e-08, -6.52768534e-11,
        -3.06762563e-13, -2.71536131e-16],
       [-3.95082742e-16, -4.46336924e-13, -9.49772622e-11,
         2.80144299e-08,  6.93468701e-06,  3.57487326e-04,
         5.56559861e-03,  2.83814501e-02,  4.87341695e-02,
         2.83814501e-02,  5.56559861e-03,  3.57487326e-04,
         6.93468701e-06,  2.80144299e-08, -9.49772622e-11,
        -4.46336924e-13, -3.95082742e-16],
       [-4.47687406e-16, -5.05766002e-13, -1.07623334e-10,
         3.17445057e-08,  7.85803059e-06,  4.05086234e-04,
         6.30664965e-03,  3.21603976e-02,  5.52230477e-02,
         3.21603976e-02,  6.30664965e-03,  4.05086234e-04,
         7.85803059e-06,  3.17445057e-08, -1.07623334e-10,
        -5.05766002e-13, -4.47687406e-16],
       [-3.95082742e-16, -4.46336924e-13, -9.49772622e-11,
         2.80144299e-08,  6.93468701e-06,  3.57487326e-04,
         5.56559861e-03,  2.83814501e-02,  4.87341695e-02,
         2.83814501e-02,  5.56559861e-03,  3.57487326e-04,
         6.93468701e-06,  2.80144299e-08, -9.49772622e-11,
        -4.46336924e-13, -3.95082742e-16],
       [-2.71536131e-16, -3.06762563e-13, -6.52768534e-11,
         1.92540170e-08,  4.76613604e-06,  2.45697214e-04,
         3.82517627e-03,  1.95062663e-02,  3.34944725e-02,
         1.95062663e-02,  3.82517627e-03,  2.45697214e-04,
         4.76613604e-06,  1.92540170e-08, -6.52768534e-11,
        -3.06762563e-13, -2.71536131e-16],
       [-1.45342807e-16, -1.64198177e-13, -3.49401792e-11,
         1.03059330e-08,  2.55112900e-06,  1.31512250e-04,
         2.04746937e-03,  1.04409521e-02,  1.79282986e-02,
         1.04409521e-02,  2.04746937e-03,  1.31512250e-04,
         2.55112900e-06,  1.03059330e-08, -3.49401792e-11,
        -1.64198177e-13, -1.45342807e-16],
       [-6.05878961e-17, -6.84479803e-14, -1.45652344e-11,
         4.29615188e-09,  1.06346874e-06,  5.48224598e-05,
         8.53512203e-04,  4.35243640e-03,  7.47362664e-03,
         4.35243640e-03,  8.53512203e-04,  5.48224598e-05,
         1.06346874e-06,  4.29615188e-09, -1.45652344e-11,
        -6.84479803e-14, -6.05878961e-17],
       [-1.96700125e-17, -2.22218060e-14, -4.72863936e-12,
         1.39475631e-09,  3.45257746e-07,  1.77982474e-05,
         2.77094863e-04,  1.41302915e-03,  2.42633140e-03,
         1.41302915e-03,  2.77094863e-04,  1.77982474e-05,
         3.45257746e-07,  1.39475631e-09, -4.72863936e-12,
        -2.22218060e-14, -1.96700125e-17],
       [-4.97335767e-18, -5.61855250e-15, -1.19558725e-12,
         3.52649632e-10,  8.72948291e-08,  4.50010157e-06,
         7.00605451e-05,  3.57269746e-04,  6.13472657e-04,
         3.57269746e-04,  7.00605451e-05,  4.50010157e-06,
         8.72948291e-08,  3.52649632e-10, -1.19558725e-12,
        -5.61855250e-15, -4.97335767e-18],
       [-9.79312155e-19, -1.10635865e-15, -2.35425096e-13,
         6.94408281e-11,  1.71893717e-08,  8.86122507e-07,
         1.37957404e-05,  7.03505866e-05,  1.20799930e-04,
         7.03505866e-05,  1.37957404e-05,  8.86122507e-07,
         1.71893717e-08,  6.94408281e-11, -2.35425096e-13,
        -1.10635865e-15, -9.79312155e-19],
       [-1.50182395e-19, -1.69665583e-16, -3.61036071e-14,
         1.06490962e-11,  2.63607558e-09,  1.35891298e-07,
         2.11564520e-06,  1.07886108e-05,  1.85252684e-05,
         1.07886108e-05,  2.11564520e-06,  1.35891298e-07,
         2.63607558e-09,  1.06490962e-11, -3.61036071e-14,
        -1.69665583e-16, -1.50182395e-19]], dtype=float32), array([[ 3.1851829e-04, -3.5162002e-03, -1.1777122e-02,  1.6132970e-01,
        -2.1740317e-01, -2.0112906e-01,  2.8687790e-01],
       [-3.5162002e-03, -1.5122124e-02,  2.6598772e-01, -4.6024251e-01,
        -5.4672551e-01,  1.0013024e+00, -2.0112906e-01],
       [-1.1777122e-02,  2.6598772e-01, -5.9096313e-01, -9.0139794e-01,
         2.1197569e+00, -5.4672551e-01, -2.1740317e-01],
       [ 1.6132970e-01, -4.6024251e-01, -9.0139794e-01,  2.7218218e+00,
        -9.0139794e-01, -4.6024251e-01,  1.6132970e-01],
       [-2.1740317e-01, -5.4672551e-01,  2.1197569e+00, -9.0139794e-01,
        -5.9096313e-01,  2.6598772e-01, -1.1777122e-02],
       [-2.0112906e-01,  1.0013024e+00, -5.4672551e-01, -4.6024251e-01,
         2.6598772e-01, -1.5122124e-02, -3.5162002e-03],
       [ 2.8687790e-01, -2.0112906e-01, -2.1740317e-01,  1.6132970e-01,
        -1.1777122e-02, -3.5162002e-03,  3.1851829e-04]], dtype=float32), array([[-3.0555358e-07, -2.1856752e-06,  3.0326811e-04, -2.6073079e-03,
        -6.8011805e-03,  7.2558090e-02, -7.6148920e-02, -5.4865472e-02,
         6.0946357e-02],
       [-2.1856752e-06,  3.8940395e-04, -4.2987238e-03, -1.4398099e-02,
         1.9723333e-01, -2.6578584e-01, -2.4588996e-01,  3.5072204e-01,
        -5.4865472e-02],
       [ 3.0326811e-04, -4.2987238e-03, -1.8487524e-02,  3.2518280e-01,
        -5.6266862e-01, -6.6839826e-01,  1.2241403e+00, -2.4588996e-01,
        -7.6148920e-02],
       [-2.6073079e-03, -1.4398099e-02,  3.2518280e-01, -7.2248083e-01,
        -1.1020024e+00,  2.5915051e+00, -6.6839826e-01, -2.6578584e-01,
         7.2558090e-02],
       [-6.8011805e-03,  1.9723333e-01, -5.6266862e-01, -1.1020024e+00,
         3.3275583e+00, -1.1020024e+00, -5.6266862e-01,  1.9723333e-01,
        -6.8011805e-03],
       [ 7.2558090e-02, -2.6578584e-01, -6.6839826e-01,  2.5915051e+00,
        -1.1020024e+00, -7.2248083e-01,  3.2518280e-01, -1.4398099e-02,
        -2.6073079e-03],
       [-7.6148920e-02, -2.4588996e-01,  1.2241403e+00, -6.6839826e-01,
        -5.6266862e-01,  3.2518280e-01, -1.8487524e-02, -4.2987238e-03,
         3.0326811e-04],
       [-5.4865472e-02,  3.5072204e-01, -2.4588996e-01, -2.6578584e-01,
         1.9723333e-01, -1.4398099e-02, -4.2987238e-03,  3.8940395e-04,
        -2.1856752e-06],
       [ 6.0946357e-02, -5.4865472e-02, -7.6148920e-02,  7.2558090e-02,
        -6.8011805e-03, -2.6073079e-03,  3.0326811e-04, -2.1856752e-06,
        -3.0555358e-07]], dtype=float32), array([[ 7.0585931e-13,  4.5497743e-09, -2.4384948e-07, -1.3584587e-06,
         1.4679591e-04, -9.8289223e-04, -1.9967526e-03,  1.6590221e-02,
        -1.3559899e-02, -7.6088356e-03,  6.5825358e-03],
       [ 4.5497743e-09, -3.1310893e-07, -2.2397198e-06,  3.1076695e-04,
        -2.6717780e-03, -6.9693513e-03,  7.4352212e-02, -7.8031838e-02,
        -5.6222115e-02,  6.2453363e-02, -7.6088356e-03],
       [-2.4384948e-07, -2.2397198e-06,  3.9903267e-04, -4.4050175e-03,
        -1.4754117e-02,  2.0211028e-01, -2.7235785e-01, -2.5197002e-01,
         3.5939425e-01, -5.6222115e-02, -1.3559899e-02],
       [-1.3584587e-06,  3.1076695e-04, -4.4050175e-03, -1.8944660e-02,
         3.3322349e-01, -5.7658160e-01, -6.8492562e-01,  1.2544093e+00,
        -2.5197002e-01, -7.8031838e-02,  1.6590221e-02],
       [ 1.4679591e-04, -2.6717780e-03, -1.4754117e-02,  3.3322349e-01,
        -7.4034548e-01, -1.1292514e+00,  2.6555846e+00, -6.8492562e-01,
        -2.7235785e-01,  7.4352212e-02, -1.9967526e-03],
       [-9.8289223e-04, -6.9693513e-03,  2.0211028e-01, -5.7658160e-01,
        -1.1292514e+00,  3.4098380e+00, -1.1292514e+00, -5.7658160e-01,
         2.0211028e-01, -6.9693513e-03, -9.8289223e-04],
       [-1.9967526e-03,  7.4352212e-02, -2.7235785e-01, -6.8492562e-01,
         2.6555846e+00, -1.1292514e+00, -7.4034548e-01,  3.3322349e-01,
        -1.4754117e-02, -2.6717780e-03,  1.4679591e-04],
       [ 1.6590221e-02, -7.8031838e-02, -2.5197002e-01,  1.2544093e+00,
        -6.8492562e-01, -5.7658160e-01,  3.3322349e-01, -1.8944660e-02,
        -4.4050175e-03,  3.1076695e-04, -1.3584587e-06],
       [-1.3559899e-02, -5.6222115e-02,  3.5939425e-01, -2.5197002e-01,
        -2.7235785e-01,  2.0211028e-01, -1.4754117e-02, -4.4050175e-03,
         3.9903267e-04, -2.2397198e-06, -2.4384948e-07],
       [-7.6088356e-03,  6.2453363e-02, -5.6222115e-02, -7.8031838e-02,
         7.4352212e-02, -6.9693513e-03, -2.6717780e-03,  3.1076695e-04,
        -2.2397198e-06, -3.1310893e-07,  4.5497743e-09],
       [ 6.5825358e-03, -7.6088356e-03, -1.3559899e-02,  1.6590221e-02,
        -1.9967526e-03, -9.8289223e-04,  1.4679591e-04, -1.3584587e-06,
        -2.4384948e-07,  4.5497743e-09,  7.0585931e-13]], dtype=float32), array([[ 6.3191559e-16, -2.0986424e-13,  5.5012912e-13,  2.7616127e-09,
        -1.1527128e-07, -5.0011755e-07,  4.2088748e-05, -2.1947462e-04,
        -3.4723943e-04,  2.2468979e-03, -1.4302568e-03, -6.2503183e-04,
         4.2111773e-04],
       [-2.0986424e-13,  7.0637978e-13,  4.5531294e-09, -2.4402931e-07,
        -1.3594605e-06,  1.4690416e-04, -9.8361704e-04, -1.9982250e-03,
         1.6602455e-02, -1.3569898e-02, -7.6144463e-03,  6.5873899e-03,
        -6.2503183e-04],
       [ 5.5012912e-13,  4.5531294e-09, -3.1333983e-07, -2.2413715e-06,
         3.1099611e-04, -2.6737482e-03, -6.9744904e-03,  7.4407041e-02,
        -7.8089379e-02, -5.6263573e-02,  6.2499415e-02, -7.6144463e-03,
        -1.4302568e-03],
       [ 2.7616127e-09, -2.4402931e-07, -2.2413715e-06,  3.9932691e-04,
        -4.4082655e-03, -1.4764996e-02,  2.0225930e-01, -2.7255869e-01,
        -2.5215584e-01,  3.5965928e-01, -5.6263573e-02, -1.3569898e-02,
         2.2468979e-03],
       [-1.1527128e-07, -1.3594605e-06,  3.1099611e-04, -4.4082655e-03,
        -1.8958630e-02,  3.3346921e-01, -5.7700676e-01, -6.8543065e-01,
         1.2553343e+00, -2.5215584e-01, -7.8089379e-02,  1.6602455e-02,
        -3.4723943e-04],
       [-5.0011755e-07,  1.4690416e-04, -2.6737482e-03, -1.4764996e-02,
         3.3346921e-01, -7.4089140e-01, -1.1300840e+00,  2.6575427e+00,
        -6.8543065e-01, -2.7255869e-01,  7.4407041e-02, -1.9982250e-03,
        -2.1947462e-04],
       [ 4.2088748e-05, -9.8361704e-04, -6.9744904e-03,  2.0225930e-01,
        -5.7700676e-01, -1.1300840e+00,  3.4123523e+00, -1.1300840e+00,
        -5.7700676e-01,  2.0225930e-01, -6.9744904e-03, -9.8361704e-04,
         4.2088748e-05],
       [-2.1947462e-04, -1.9982250e-03,  7.4407041e-02, -2.7255869e-01,
        -6.8543065e-01,  2.6575427e+00, -1.1300840e+00, -7.4089140e-01,
         3.3346921e-01, -1.4764996e-02, -2.6737482e-03,  1.4690416e-04,
        -5.0011755e-07],
       [-3.4723943e-04,  1.6602455e-02, -7.8089379e-02, -2.5215584e-01,
         1.2553343e+00, -6.8543065e-01, -5.7700676e-01,  3.3346921e-01,
        -1.8958630e-02, -4.4082655e-03,  3.1099611e-04, -1.3594605e-06,
        -1.1527128e-07],
       [ 2.2468979e-03, -1.3569898e-02, -5.6263573e-02,  3.5965928e-01,
        -2.5215584e-01, -2.7255869e-01,  2.0225930e-01, -1.4764996e-02,
        -4.4082655e-03,  3.9932691e-04, -2.2413715e-06, -2.4402931e-07,
         2.7616127e-09],
       [-1.4302568e-03, -7.6144463e-03,  6.2499415e-02, -5.6263573e-02,
        -7.8089379e-02,  7.4407041e-02, -6.9744904e-03, -2.6737482e-03,
         3.1099611e-04, -2.2413715e-06, -3.1333983e-07,  4.5531294e-09,
         5.5012912e-13],
       [-6.2503183e-04,  6.5873899e-03, -7.6144463e-03, -1.3569898e-02,
         1.6602455e-02, -1.9982250e-03, -9.8361704e-04,  1.4690416e-04,
        -1.3594605e-06, -2.4402931e-07,  4.5531294e-09,  7.0637978e-13,
        -2.0986424e-13],
       [ 4.2111773e-04, -6.2503183e-04, -1.4302568e-03,  2.2468979e-03,
        -3.4723943e-04, -2.1947462e-04,  4.2088748e-05, -5.0011755e-07,
        -1.1527128e-07,  2.7616127e-09,  5.5012912e-13, -2.0986424e-13,
         6.3191559e-16]], dtype=float32), array([[-1.7125480e-21,  2.5195565e-19,  4.9210401e-16, -1.2728075e-13,
         2.5984556e-13,  1.0158739e-09, -3.3023607e-08, -1.1158399e-07,
         7.3134479e-06, -2.9700712e-05, -3.6596364e-05,  1.8442451e-04,
        -9.1427268e-05, -3.1116462e-05,  1.6327434e-05],
       [ 2.5195565e-19,  6.3187414e-16, -2.0985049e-13,  5.5009301e-13,
         2.7614315e-09, -1.1526372e-07, -5.0008475e-07,  4.2085987e-05,
        -2.1946023e-04, -3.4721667e-04,  2.2467505e-03, -1.4301629e-03,
        -6.2499085e-04,  4.2109011e-04, -3.1116462e-05],
       [ 4.9210401e-16, -2.0985049e-13,  7.0633343e-13,  4.5528310e-09,
        -2.4401331e-07, -1.3593713e-06,  1.4689451e-04, -9.8355254e-04,
        -1.9980939e-03,  1.6601365e-02, -1.3569008e-02, -7.6139467e-03,
         6.5869577e-03, -6.2499085e-04, -9.1427268e-05],
       [-1.2728075e-13,  5.5009301e-13,  4.5528310e-09, -3.1331928e-07,
        -2.2412244e-06,  3.1097571e-04, -2.6735729e-03, -6.9740331e-03,
         7.4402161e-02, -7.8084253e-02, -5.6259885e-02,  6.2495317e-02,
        -7.6139467e-03, -1.4301629e-03,  1.8442451e-04],
       [ 2.5984556e-13,  2.7614315e-09, -2.4401331e-07, -2.2412244e-06,
         3.9930071e-04, -4.4079768e-03, -1.4764028e-02,  2.0224604e-01,
        -2.7254081e-01, -2.5213930e-01,  3.5963568e-01, -5.6259885e-02,
        -1.3569008e-02,  2.2467505e-03, -3.6596364e-05],
       [ 1.0158739e-09, -1.1526372e-07, -1.3593713e-06,  3.1097571e-04,
        -4.4079768e-03, -1.8957388e-02,  3.3344737e-01, -5.7696891e-01,
        -6.8538570e-01,  1.2552520e+00, -2.5213930e-01, -7.8084253e-02,
         1.6601365e-02, -3.4721667e-04, -2.9700712e-05],
       [-3.3023607e-08, -5.0008475e-07,  1.4689451e-04, -2.6735729e-03,
        -1.4764028e-02,  3.3344737e-01, -7.4084282e-01, -1.1300099e+00,
         2.6573684e+00, -6.8538570e-01, -2.7254081e-01,  7.4402161e-02,
        -1.9980939e-03, -2.1946023e-04,  7.3134479e-06],
       [-1.1158399e-07,  4.2085987e-05, -9.8355254e-04, -6.9740331e-03,
         2.0224604e-01, -5.7696891e-01, -1.1300099e+00,  3.4121284e+00,
        -1.1300099e+00, -5.7696891e-01,  2.0224604e-01, -6.9740331e-03,
        -9.8355254e-04,  4.2085987e-05, -1.1158399e-07],
       [ 7.3134479e-06, -2.1946023e-04, -1.9980939e-03,  7.4402161e-02,
        -2.7254081e-01, -6.8538570e-01,  2.6573684e+00, -1.1300099e+00,
        -7.4084282e-01,  3.3344737e-01, -1.4764028e-02, -2.6735729e-03,
         1.4689451e-04, -5.0008475e-07, -3.3023607e-08],
       [-2.9700712e-05, -3.4721667e-04,  1.6601365e-02, -7.8084253e-02,
        -2.5213930e-01,  1.2552520e+00, -6.8538570e-01, -5.7696891e-01,
         3.3344737e-01, -1.8957388e-02, -4.4079768e-03,  3.1097571e-04,
        -1.3593713e-06, -1.1526372e-07,  1.0158739e-09],
       [-3.6596364e-05,  2.2467505e-03, -1.3569008e-02, -5.6259885e-02,
         3.5963568e-01, -2.5213930e-01, -2.7254081e-01,  2.0224604e-01,
        -1.4764028e-02, -4.4079768e-03,  3.9930071e-04, -2.2412244e-06,
        -2.4401331e-07,  2.7614315e-09,  2.5984556e-13],
       [ 1.8442451e-04, -1.4301629e-03, -7.6139467e-03,  6.2495317e-02,
        -5.6259885e-02, -7.8084253e-02,  7.4402161e-02, -6.9740331e-03,
        -2.6735729e-03,  3.1097571e-04, -2.2412244e-06, -3.1331928e-07,
         4.5528310e-09,  5.5009301e-13, -1.2728075e-13],
       [-9.1427268e-05, -6.2499085e-04,  6.5869577e-03, -7.6139467e-03,
        -1.3569008e-02,  1.6601365e-02, -1.9980939e-03, -9.8355254e-04,
         1.4689451e-04, -1.3593713e-06, -2.4401331e-07,  4.5528310e-09,
         7.0633343e-13, -2.0985049e-13,  4.9210401e-16],
       [-3.1116462e-05,  4.2109011e-04, -6.2499085e-04, -1.4301629e-03,
         2.2467505e-03, -3.4721667e-04, -2.1946023e-04,  4.2085987e-05,
        -5.0008475e-07, -1.1526372e-07,  2.7614315e-09,  5.5009301e-13,
        -2.0985049e-13,  6.3187414e-16,  2.5195565e-19],
       [ 1.6327434e-05, -3.1116462e-05, -9.1427268e-05,  1.8442451e-04,
        -3.6596364e-05, -2.9700712e-05,  7.3134479e-06, -1.1158399e-07,
        -3.3023607e-08,  1.0158739e-09,  2.5984556e-13, -1.2728075e-13,
         4.9210401e-16,  2.5195565e-19, -1.7125480e-21]], dtype=float32), array([[ 1.81469642e-28,  8.24840950e-25, -1.33372978e-21,
         1.52818361e-19,  2.32452787e-16, -4.68238289e-14,
         7.44467693e-14,  2.26671418e-10, -5.73862513e-09,
        -1.51012038e-08,  7.70829388e-07, -2.43797558e-06,
        -2.33952028e-06,  9.18192836e-06, -3.54500889e-06,
        -9.39632855e-07,  3.83983320e-07],
       [ 8.24840950e-25, -1.71254276e-21,  2.51954872e-19,
         4.92102531e-16, -1.27280361e-13,  2.59844772e-13,
         1.01587083e-09, -3.30235075e-08, -1.11583645e-07,
         7.31342561e-06, -2.97006209e-05, -3.65962551e-05,
         1.84423960e-04, -9.14269840e-05, -3.11163676e-05,
         1.63273853e-05, -9.39632855e-07],
       [-1.33372978e-21,  2.51954872e-19,  6.31872179e-16,
        -2.09849838e-13,  5.50091385e-13,  2.76142309e-09,
        -1.15263369e-07, -5.00083218e-07,  4.20858596e-05,
        -2.19459558e-04, -3.47215595e-04,  2.24674377e-03,
        -1.43015862e-03, -6.24988927e-04,  4.21088829e-04,
        -3.11163676e-05, -3.54500889e-06],
       [ 1.52818361e-19,  4.92102531e-16, -2.09849838e-13,
         7.06331315e-13,  4.55281679e-09, -2.44012540e-07,
        -1.35936716e-06,  1.46894075e-04, -9.83549515e-04,
        -1.99808786e-03,  1.66013148e-02, -1.35689666e-02,
        -7.61392340e-03,  6.58693770e-03, -6.24988927e-04,
        -9.14269840e-05,  9.18192836e-06],
       [ 2.32452787e-16, -1.27280361e-13,  5.50091385e-13,
         4.55281679e-09, -3.13318310e-07, -2.24121754e-06,
         3.10974749e-04, -2.67356471e-03, -6.97401166e-03,
         7.44019300e-02, -7.80840144e-02, -5.62597103e-02,
         6.24951236e-02, -7.61392340e-03, -1.43015862e-03,
         1.84423960e-04, -2.33952028e-06],
       [-4.68238289e-14,  2.59844772e-13,  2.76142309e-09,
        -2.44012540e-07, -2.24121754e-06,  3.99299490e-04,
        -4.40796325e-03, -1.47639830e-02,  2.02245429e-01,
        -2.72539973e-01, -2.52138525e-01,  3.59634608e-01,
        -5.62597103e-02, -1.35689666e-02,  2.24674377e-03,
        -3.65962551e-05, -2.43797558e-06],
       [ 7.44467693e-14,  1.01587083e-09, -1.15263369e-07,
        -1.35936716e-06,  3.10974749e-04, -4.40796325e-03,
        -1.89573299e-02,  3.33446324e-01, -5.76967180e-01,
        -6.85383618e-01,  1.25524819e+00, -2.52138525e-01,
        -7.80840144e-02,  1.66013148e-02, -3.47215595e-04,
        -2.97006209e-05,  7.70829388e-07],
       [ 2.26671418e-10, -3.30235075e-08, -5.00083218e-07,
         1.46894075e-04, -2.67356471e-03, -1.47639830e-02,
         3.33446324e-01, -7.40840554e-01, -1.13000655e+00,
         2.65736032e+00, -6.85383618e-01, -2.72539973e-01,
         7.44019300e-02, -1.99808786e-03, -2.19459558e-04,
         7.31342561e-06, -1.51012038e-08],
       [-5.73862513e-09, -1.11583645e-07,  4.20858596e-05,
        -9.83549515e-04, -6.97401166e-03,  2.02245429e-01,
        -5.76967180e-01, -1.13000655e+00,  3.41211820e+00,
        -1.13000655e+00, -5.76967180e-01,  2.02245429e-01,
        -6.97401166e-03, -9.83549515e-04,  4.20858596e-05,
        -1.11583645e-07, -5.73862513e-09],
       [-1.51012038e-08,  7.31342561e-06, -2.19459558e-04,
        -1.99808786e-03,  7.44019300e-02, -2.72539973e-01,
        -6.85383618e-01,  2.65736032e+00, -1.13000655e+00,
        -7.40840554e-01,  3.33446324e-01, -1.47639830e-02,
        -2.67356471e-03,  1.46894075e-04, -5.00083218e-07,
        -3.30235075e-08,  2.26671418e-10],
       [ 7.70829388e-07, -2.97006209e-05, -3.47215595e-04,
         1.66013148e-02, -7.80840144e-02, -2.52138525e-01,
         1.25524819e+00, -6.85383618e-01, -5.76967180e-01,
         3.33446324e-01, -1.89573299e-02, -4.40796325e-03,
         3.10974749e-04, -1.35936716e-06, -1.15263369e-07,
         1.01587083e-09,  7.44467693e-14],
       [-2.43797558e-06, -3.65962551e-05,  2.24674377e-03,
        -1.35689666e-02, -5.62597103e-02,  3.59634608e-01,
        -2.52138525e-01, -2.72539973e-01,  2.02245429e-01,
        -1.47639830e-02, -4.40796325e-03,  3.99299490e-04,
        -2.24121754e-06, -2.44012540e-07,  2.76142309e-09,
         2.59844772e-13, -4.68238289e-14],
       [-2.33952028e-06,  1.84423960e-04, -1.43015862e-03,
        -7.61392340e-03,  6.24951236e-02, -5.62597103e-02,
        -7.80840144e-02,  7.44019300e-02, -6.97401166e-03,
        -2.67356471e-03,  3.10974749e-04, -2.24121754e-06,
        -3.13318310e-07,  4.55281679e-09,  5.50091385e-13,
        -1.27280361e-13,  2.32452787e-16],
       [ 9.18192836e-06, -9.14269840e-05, -6.24988927e-04,
         6.58693770e-03, -7.61392340e-03, -1.35689666e-02,
         1.66013148e-02, -1.99808786e-03, -9.83549515e-04,
         1.46894075e-04, -1.35936716e-06, -2.44012540e-07,
         4.55281679e-09,  7.06331315e-13, -2.09849838e-13,
         4.92102531e-16,  1.52818361e-19],
       [-3.54500889e-06, -3.11163676e-05,  4.21088829e-04,
        -6.24988927e-04, -1.43015862e-03,  2.24674377e-03,
        -3.47215595e-04, -2.19459558e-04,  4.20858596e-05,
        -5.00083218e-07, -1.15263369e-07,  2.76142309e-09,
         5.50091385e-13, -2.09849838e-13,  6.31872179e-16,
         2.51954872e-19, -1.33372978e-21],
       [-9.39632855e-07,  1.63273853e-05, -3.11163676e-05,
        -9.14269840e-05,  1.84423960e-04, -3.65962551e-05,
        -2.97006209e-05,  7.31342561e-06, -1.11583645e-07,
        -3.30235075e-08,  1.01587083e-09,  2.59844772e-13,
        -1.27280361e-13,  4.92102531e-16,  2.51954872e-19,
        -1.71254276e-21,  8.24840950e-25],
       [ 3.83983320e-07, -9.39632855e-07, -3.54500889e-06,
         9.18192836e-06, -2.33952028e-06, -2.43797558e-06,
         7.70829388e-07, -1.51012038e-08, -5.73862513e-09,
         2.26671418e-10,  7.44467693e-14, -4.68238289e-14,
         2.32452787e-16,  1.52818361e-19, -1.33372978e-21,
         8.24840950e-25,  1.81469642e-28]], dtype=float32), array([[0.00014249, 0.00026621, 0.00038734, 0.00043891, 0.00038734,
        0.00026621, 0.00014249],
       [0.00221844, 0.00414459, 0.00603035, 0.00683328, 0.00603035,
        0.00414459, 0.00221844],
       [0.01131281, 0.02113512, 0.03075142, 0.03484592, 0.03075142,
        0.02113512, 0.01131281],
       [0.01942539, 0.0362914 , 0.05280367, 0.0598344 , 0.05280367,
        0.0362914 , 0.01942539],
       [0.01131281, 0.02113512, 0.03075142, 0.03484592, 0.03075142,
        0.02113512, 0.01131281],
       [0.00221844, 0.00414459, 0.00603035, 0.00683328, 0.00603035,
        0.00414459, 0.00221844],
       [0.00014249, 0.00026621, 0.00038734, 0.00043891, 0.00038734,
        0.00026621, 0.00014249]], dtype=float32), array([[1.0884681e-06, 2.6110995e-06, 4.8781758e-06, 7.0977039e-06,
        8.0427526e-06, 7.0977039e-06, 4.8781758e-06, 2.6110995e-06,
        1.0884681e-06],
       [5.6111196e-05, 1.3460378e-04, 2.5147293e-04, 3.6589094e-04,
        4.1460877e-04, 3.6589094e-04, 2.5147293e-04, 1.3460378e-04,
        5.6111196e-05],
       [8.7357609e-04, 2.0956001e-03, 3.9150962e-03, 5.6964317e-03,
        6.4549027e-03, 5.6964317e-03, 3.9150962e-03, 2.0956001e-03,
        8.7357609e-04],
       [4.4547510e-03, 1.0686392e-02, 1.9964809e-02, 2.9048625e-02,
        3.2916404e-02, 2.9048625e-02, 1.9964809e-02, 1.0686392e-02,
        4.4547510e-03],
       [7.6493127e-03, 1.8349746e-02, 3.4281842e-02, 4.9879786e-02,
        5.6521200e-02, 4.9879786e-02, 3.4281842e-02, 1.8349746e-02,
        7.6493127e-03],
       [4.4547510e-03, 1.0686392e-02, 1.9964809e-02, 2.9048625e-02,
        3.2916404e-02, 2.9048625e-02, 1.9964809e-02, 1.0686392e-02,
        4.4547510e-03],
       [8.7357609e-04, 2.0956001e-03, 3.9150962e-03, 5.6964317e-03,
        6.4549027e-03, 5.6964317e-03, 3.9150962e-03, 2.0956001e-03,
        8.7357609e-04],
       [5.6111196e-05, 1.3460378e-04, 2.5147293e-04, 3.6589094e-04,
        4.1460877e-04, 3.6589094e-04, 2.5147293e-04, 1.3460378e-04,
        5.6111196e-05],
       [1.0884681e-06, 2.6110995e-06, 4.8781758e-06, 7.0977039e-06,
        8.0427526e-06, 7.0977039e-06, 4.8781758e-06, 2.6110995e-06,
        1.0884681e-06]], dtype=float32), array([[1.4023832e-09, 4.3196442e-09, 1.0362288e-08, 1.9359302e-08,
        2.8167618e-08, 3.1918091e-08, 2.8167618e-08, 1.9359302e-08,
        1.0362288e-08, 4.3196442e-09, 1.4023832e-09],
       [3.4714569e-07, 1.0692841e-06, 2.5650791e-06, 4.7921985e-06,
        6.9726075e-06, 7.9009997e-06, 6.9726075e-06, 4.7921985e-06,
        2.5650791e-06, 1.0692841e-06, 3.4714569e-07],
       [1.7895572e-05, 5.5122240e-05, 1.3223139e-04, 2.4704073e-04,
        3.5944217e-04, 4.0730136e-04, 3.5944217e-04, 2.4704073e-04,
        1.3223139e-04, 5.5122240e-05, 1.7895572e-05],
       [2.7861007e-04, 8.5817941e-04, 2.0586653e-03, 3.8460931e-03,
        5.5960324e-03, 6.3411356e-03, 5.5960324e-03, 3.8460931e-03,
        2.0586653e-03, 8.5817941e-04, 2.7861007e-04],
       [1.4207559e-03, 4.3762363e-03, 1.0498045e-02, 1.9612931e-02,
        2.8536646e-02, 3.2336257e-02, 2.8536646e-02, 1.9612931e-02,
        1.0498045e-02, 4.3762363e-03, 1.4207559e-03],
       [2.4395990e-03, 7.5144940e-03, 1.8026335e-02, 3.3677626e-02,
        4.9000658e-02, 5.5525020e-02, 4.9000658e-02, 3.3677626e-02,
        1.8026335e-02, 7.5144940e-03, 2.4395990e-03],
       [1.4207559e-03, 4.3762363e-03, 1.0498045e-02, 1.9612931e-02,
        2.8536646e-02, 3.2336257e-02, 2.8536646e-02, 1.9612931e-02,
        1.0498045e-02, 4.3762363e-03, 1.4207559e-03],
       [2.7861007e-04, 8.5817941e-04, 2.0586653e-03, 3.8460931e-03,
        5.5960324e-03, 6.3411356e-03, 5.5960324e-03, 3.8460931e-03,
        2.0586653e-03, 8.5817941e-04, 2.7861007e-04],
       [1.7895572e-05, 5.5122240e-05, 1.3223139e-04, 2.4704073e-04,
        3.5944217e-04, 4.0730136e-04, 3.5944217e-04, 2.4704073e-04,
        1.3223139e-04, 5.5122240e-05, 1.7895572e-05],
       [3.4714569e-07, 1.0692841e-06, 2.5650791e-06, 4.7921985e-06,
        6.9726075e-06, 7.9009997e-06, 6.9726075e-06, 4.7921985e-06,
        2.5650791e-06, 1.0692841e-06, 3.4714569e-07],
       [1.4023832e-09, 4.3196442e-09, 1.0362288e-08, 1.9359302e-08,
        2.8167618e-08, 3.1918091e-08, 2.8167618e-08, 1.9359302e-08,
        1.0362288e-08, 4.3196442e-09, 1.4023832e-09]], dtype=float32), array([[-1.1967920e-12, -4.7334042e-12, -1.4579912e-11, -3.4975387e-11,
        -6.5342627e-11, -9.5072963e-11, -1.0773178e-10, -9.5072963e-11,
        -6.5342627e-11, -3.4975387e-11, -1.4579912e-11, -4.7334042e-12,
        -1.1967920e-12],
       [ 3.5300499e-10,  1.3961617e-09,  4.3004809e-09,  1.0316318e-08,
         1.9273418e-08,  2.8042658e-08,  3.1776494e-08,  2.8042658e-08,
         1.9273418e-08,  1.0316318e-08,  4.3004809e-09,  1.3961617e-09,
         3.5300499e-10],
       [ 8.7382794e-08,  3.4560566e-07,  1.0645404e-06,  2.5536997e-06,
         4.7709386e-06,  6.9416747e-06,  7.8659486e-06,  6.9416747e-06,
         4.7709386e-06,  2.5536997e-06,  1.0645404e-06,  3.4560566e-07,
         8.7382794e-08],
       [ 4.5046359e-06,  1.7816181e-05,  5.4877699e-05,  1.3164477e-04,
         2.4594480e-04,  3.5784757e-04,  4.0549441e-04,  3.5784757e-04,
         2.4594480e-04,  1.3164477e-04,  5.4877699e-05,  1.7816181e-05,
         4.5046359e-06],
       [ 7.0131144e-05,  2.7737406e-04,  8.5437228e-04,  2.0495325e-03,
         3.8290308e-03,  5.5712066e-03,  6.3130045e-03,  5.5712066e-03,
         3.8290308e-03,  2.0495325e-03,  8.5437228e-04,  2.7737406e-04,
         7.0131144e-05],
       [ 3.5762973e-04,  1.4144530e-03,  4.3568220e-03,  1.0451472e-02,
         1.9525921e-02,  2.8410049e-02,  3.2192804e-02,  2.8410049e-02,
         1.9525921e-02,  1.0451472e-02,  4.3568220e-03,  1.4144530e-03,
         3.5762973e-04],
       [ 6.1409082e-04,  2.4287764e-03,  7.4811573e-03,  1.7946364e-02,
         3.3528224e-02,  4.8783276e-02,  5.5278692e-02,  4.8783276e-02,
         3.3528224e-02,  1.7946364e-02,  7.4811573e-03,  2.4287764e-03,
         6.1409082e-04],
       [ 3.5762973e-04,  1.4144530e-03,  4.3568220e-03,  1.0451472e-02,
         1.9525921e-02,  2.8410049e-02,  3.2192804e-02,  2.8410049e-02,
         1.9525921e-02,  1.0451472e-02,  4.3568220e-03,  1.4144530e-03,
         3.5762973e-04],
       [ 7.0131144e-05,  2.7737406e-04,  8.5437228e-04,  2.0495325e-03,
         3.8290308e-03,  5.5712066e-03,  6.3130045e-03,  5.5712066e-03,
         3.8290308e-03,  2.0495325e-03,  8.5437228e-04,  2.7737406e-04,
         7.0131144e-05],
       [ 4.5046359e-06,  1.7816181e-05,  5.4877699e-05,  1.3164477e-04,
         2.4594480e-04,  3.5784757e-04,  4.0549441e-04,  3.5784757e-04,
         2.4594480e-04,  1.3164477e-04,  5.4877699e-05,  1.7816181e-05,
         4.5046359e-06],
       [ 8.7382794e-08,  3.4560566e-07,  1.0645404e-06,  2.5536997e-06,
         4.7709386e-06,  6.9416747e-06,  7.8659486e-06,  6.9416747e-06,
         4.7709386e-06,  2.5536997e-06,  1.0645404e-06,  3.4560566e-07,
         8.7382794e-08],
       [ 3.5300499e-10,  1.3961617e-09,  4.3004809e-09,  1.0316318e-08,
         1.9273418e-08,  2.8042658e-08,  3.1776494e-08,  2.8042658e-08,
         1.9273418e-08,  1.0316318e-08,  4.3004809e-09,  1.3961617e-09,
         3.5300499e-10],
       [-1.1967920e-12, -4.7334042e-12, -1.4579912e-11, -3.4975387e-11,
        -6.5342627e-11, -9.5072963e-11, -1.0773178e-10, -9.5072963e-11,
        -6.5342627e-11, -3.4975387e-11, -1.4579912e-11, -4.7334042e-12,
        -1.1967920e-12]], dtype=float32), array([[-1.10650677e-15, -5.61930509e-15, -2.22247808e-14,
        -6.84571486e-14, -1.64220159e-13, -3.06803655e-13,
        -4.46396690e-13, -5.05833710e-13, -4.46396690e-13,
        -3.06803655e-13, -1.64220159e-13, -6.84571486e-14,
        -2.22247808e-14, -5.61930509e-15, -1.10650677e-15],
       [-2.35456619e-13, -1.19574739e-12, -4.72927253e-12,
        -1.45671843e-11, -3.49448595e-11, -6.52855894e-11,
        -9.49899812e-11, -1.07637746e-10, -9.49899812e-11,
        -6.52855894e-11, -3.49448595e-11, -1.45671843e-11,
        -4.72927253e-12, -1.19574739e-12, -2.35456619e-13],
       [ 6.94501262e-11,  3.52696844e-10,  1.39494305e-09,
         4.29672697e-09,  1.03073132e-08,  1.92565945e-08,
         2.80181798e-08,  3.17487583e-08,  2.80181798e-08,
         1.92565945e-08,  1.03073132e-08,  4.29672697e-09,
         1.39494305e-09,  3.52696844e-10,  6.94501262e-11],
       [ 1.71916721e-08,  8.73065176e-08,  3.45303988e-07,
         1.06361108e-06,  2.55147052e-06,  4.76677405e-06,
         6.93561560e-06,  7.85908287e-06,  6.93561560e-06,
         4.76677405e-06,  2.55147052e-06,  1.06361108e-06,
         3.45303988e-07,  8.73065176e-08,  1.71916721e-08],
       [ 8.86241139e-07,  4.50070411e-06,  1.78006303e-05,
         5.48297976e-05,  1.31529858e-04,  2.45730131e-04,
         3.57535202e-04,  4.05140483e-04,  3.57535202e-04,
         2.45730131e-04,  1.31529858e-04,  5.48297976e-05,
         1.78006303e-05,  4.50070411e-06,  8.86241139e-07],
       [ 1.37975876e-05,  7.00699311e-05,  2.77131941e-04,
         8.53626523e-04,  2.04774342e-03,  3.82568850e-03,
         5.56634367e-03,  6.30749390e-03,  5.56634367e-03,
         3.82568850e-03,  2.04774342e-03,  8.53626523e-04,
         2.77131941e-04,  7.00699311e-05,  1.37975876e-05],
       [ 7.03600017e-05,  3.57317564e-04,  1.41321833e-03,
         4.35301941e-03,  1.04423501e-02,  1.95088778e-02,
         2.83852499e-02,  3.21647041e-02,  2.83852499e-02,
         1.95088778e-02,  1.04423501e-02,  4.35301941e-03,
         1.41321833e-03,  3.57317564e-04,  7.03600017e-05],
       [ 1.20816105e-04,  6.13554788e-04,  2.42665620e-03,
         7.47462735e-03,  1.79306995e-02,  3.34989578e-02,
         4.87406924e-02,  5.52304424e-02,  4.87406924e-02,
         3.34989578e-02,  1.79306995e-02,  7.47462735e-03,
         2.42665620e-03,  6.13554788e-04,  1.20816105e-04],
       [ 7.03600017e-05,  3.57317564e-04,  1.41321833e-03,
         4.35301941e-03,  1.04423501e-02,  1.95088778e-02,
         2.83852499e-02,  3.21647041e-02,  2.83852499e-02,
         1.95088778e-02,  1.04423501e-02,  4.35301941e-03,
         1.41321833e-03,  3.57317564e-04,  7.03600017e-05],
       [ 1.37975876e-05,  7.00699311e-05,  2.77131941e-04,
         8.53626523e-04,  2.04774342e-03,  3.82568850e-03,
         5.56634367e-03,  6.30749390e-03,  5.56634367e-03,
         3.82568850e-03,  2.04774342e-03,  8.53626523e-04,
         2.77131941e-04,  7.00699311e-05,  1.37975876e-05],
       [ 8.86241139e-07,  4.50070411e-06,  1.78006303e-05,
         5.48297976e-05,  1.31529858e-04,  2.45730131e-04,
         3.57535202e-04,  4.05140483e-04,  3.57535202e-04,
         2.45730131e-04,  1.31529858e-04,  5.48297976e-05,
         1.78006303e-05,  4.50070411e-06,  8.86241139e-07],
       [ 1.71916721e-08,  8.73065176e-08,  3.45303988e-07,
         1.06361108e-06,  2.55147052e-06,  4.76677405e-06,
         6.93561560e-06,  7.85908287e-06,  6.93561560e-06,
         4.76677405e-06,  2.55147052e-06,  1.06361108e-06,
         3.45303988e-07,  8.73065176e-08,  1.71916721e-08],
       [ 6.94501262e-11,  3.52696844e-10,  1.39494305e-09,
         4.29672697e-09,  1.03073132e-08,  1.92565945e-08,
         2.80181798e-08,  3.17487583e-08,  2.80181798e-08,
         1.92565945e-08,  1.03073132e-08,  4.29672697e-09,
         1.39494305e-09,  3.52696844e-10,  6.94501262e-11],
       [-2.35456619e-13, -1.19574739e-12, -4.72927253e-12,
        -1.45671843e-11, -3.49448595e-11, -6.52855894e-11,
        -9.49899812e-11, -1.07637746e-10, -9.49899812e-11,
        -6.52855894e-11, -3.49448595e-11, -1.45671843e-11,
        -4.72927253e-12, -1.19574739e-12, -2.35456619e-13],
       [-1.10650677e-15, -5.61930509e-15, -2.22247808e-14,
        -6.84571486e-14, -1.64220159e-13, -3.06803655e-13,
        -4.46396690e-13, -5.05833710e-13, -4.46396690e-13,
        -3.06803655e-13, -1.64220159e-13, -6.84571486e-14,
        -2.22247808e-14, -5.61930509e-15, -1.10650677e-15]], dtype=float32), array([[-1.50182395e-19, -9.79312155e-19, -4.97335767e-18,
        -1.96700125e-17, -6.05878961e-17, -1.45342807e-16,
        -2.71536131e-16, -3.95082742e-16, -4.47687406e-16,
        -3.95082742e-16, -2.71536131e-16, -1.45342807e-16,
        -6.05878961e-17, -1.96700125e-17, -4.97335767e-18,
        -9.79312155e-19, -1.50182395e-19],
       [-1.69665583e-16, -1.10635865e-15, -5.61855250e-15,
        -2.22218060e-14, -6.84479803e-14, -1.64198177e-13,
        -3.06762563e-13, -4.46336924e-13, -5.05766002e-13,
        -4.46336924e-13, -3.06762563e-13, -1.64198177e-13,
        -6.84479803e-14, -2.22218060e-14, -5.61855250e-15,
        -1.10635865e-15, -1.69665583e-16],
       [-3.61036071e-14, -2.35425096e-13, -1.19558725e-12,
        -4.72863936e-12, -1.45652344e-11, -3.49401792e-11,
        -6.52768534e-11, -9.49772622e-11, -1.07623334e-10,
        -9.49772622e-11, -6.52768534e-11, -3.49401792e-11,
        -1.45652344e-11, -4.72863936e-12, -1.19558725e-12,
        -2.35425096e-13, -3.61036071e-14],
       [ 1.06490962e-11,  6.94408281e-11,  3.52649632e-10,
         1.39475631e-09,  4.29615188e-09,  1.03059330e-08,
         1.92540170e-08,  2.80144299e-08,  3.17445057e-08,
         2.80144299e-08,  1.92540170e-08,  1.03059330e-08,
         4.29615188e-09,  1.39475631e-09,  3.52649632e-10,
         6.94408281e-11,  1.06490962e-11],
       [ 2.63607558e-09,  1.71893717e-08,  8.72948291e-08,
         3.45257746e-07,  1.06346874e-06,  2.55112900e-06,
         4.76613604e-06,  6.93468701e-06,  7.85803059e-06,
         6.93468701e-06,  4.76613604e-06,  2.55112900e-06,
         1.06346874e-06,  3.45257746e-07,  8.72948291e-08,
         1.71893717e-08,  2.63607558e-09],
       [ 1.35891298e-07,  8.86122507e-07,  4.50010157e-06,
         1.77982474e-05,  5.48224598e-05,  1.31512250e-04,
         2.45697214e-04,  3.57487326e-04,  4.05086234e-04,
         3.57487326e-04,  2.45697214e-04,  1.31512250e-04,
         5.48224598e-05,  1.77982474e-05,  4.50010157e-06,
         8.86122507e-07,  1.35891298e-07],
       [ 2.11564520e-06,  1.37957404e-05,  7.00605451e-05,
         2.77094863e-04,  8.53512203e-04,  2.04746937e-03,
         3.82517627e-03,  5.56559861e-03,  6.30664965e-03,
         5.56559861e-03,  3.82517627e-03,  2.04746937e-03,
         8.53512203e-04,  2.77094863e-04,  7.00605451e-05,
         1.37957404e-05,  2.11564520e-06],
       [ 1.07886108e-05,  7.03505866e-05,  3.57269746e-04,
         1.41302915e-03,  4.35243640e-03,  1.04409521e-02,
         1.95062663e-02,  2.83814501e-02,  3.21603976e-02,
         2.83814501e-02,  1.95062663e-02,  1.04409521e-02,
         4.35243640e-03,  1.41302915e-03,  3.57269746e-04,
         7.03505866e-05,  1.07886108e-05],
       [ 1.85252684e-05,  1.20799930e-04,  6.13472657e-04,
         2.42633140e-03,  7.47362664e-03,  1.79282986e-02,
         3.34944725e-02,  4.87341695e-02,  5.52230477e-02,
         4.87341695e-02,  3.34944725e-02,  1.79282986e-02,
         7.47362664e-03,  2.42633140e-03,  6.13472657e-04,
         1.20799930e-04,  1.85252684e-05],
       [ 1.07886108e-05,  7.03505866e-05,  3.57269746e-04,
         1.41302915e-03,  4.35243640e-03,  1.04409521e-02,
         1.95062663e-02,  2.83814501e-02,  3.21603976e-02,
         2.83814501e-02,  1.95062663e-02,  1.04409521e-02,
         4.35243640e-03,  1.41302915e-03,  3.57269746e-04,
         7.03505866e-05,  1.07886108e-05],
       [ 2.11564520e-06,  1.37957404e-05,  7.00605451e-05,
         2.77094863e-04,  8.53512203e-04,  2.04746937e-03,
         3.82517627e-03,  5.56559861e-03,  6.30664965e-03,
         5.56559861e-03,  3.82517627e-03,  2.04746937e-03,
         8.53512203e-04,  2.77094863e-04,  7.00605451e-05,
         1.37957404e-05,  2.11564520e-06],
       [ 1.35891298e-07,  8.86122507e-07,  4.50010157e-06,
         1.77982474e-05,  5.48224598e-05,  1.31512250e-04,
         2.45697214e-04,  3.57487326e-04,  4.05086234e-04,
         3.57487326e-04,  2.45697214e-04,  1.31512250e-04,
         5.48224598e-05,  1.77982474e-05,  4.50010157e-06,
         8.86122507e-07,  1.35891298e-07],
       [ 2.63607558e-09,  1.71893717e-08,  8.72948291e-08,
         3.45257746e-07,  1.06346874e-06,  2.55112900e-06,
         4.76613604e-06,  6.93468701e-06,  7.85803059e-06,
         6.93468701e-06,  4.76613604e-06,  2.55112900e-06,
         1.06346874e-06,  3.45257746e-07,  8.72948291e-08,
         1.71893717e-08,  2.63607558e-09],
       [ 1.06490962e-11,  6.94408281e-11,  3.52649632e-10,
         1.39475631e-09,  4.29615188e-09,  1.03059330e-08,
         1.92540170e-08,  2.80144299e-08,  3.17445057e-08,
         2.80144299e-08,  1.92540170e-08,  1.03059330e-08,
         4.29615188e-09,  1.39475631e-09,  3.52649632e-10,
         6.94408281e-11,  1.06490962e-11],
       [-3.61036071e-14, -2.35425096e-13, -1.19558725e-12,
        -4.72863936e-12, -1.45652344e-11, -3.49401792e-11,
        -6.52768534e-11, -9.49772622e-11, -1.07623334e-10,
        -9.49772622e-11, -6.52768534e-11, -3.49401792e-11,
        -1.45652344e-11, -4.72863936e-12, -1.19558725e-12,
        -2.35425096e-13, -3.61036071e-14],
       [-1.69665583e-16, -1.10635865e-15, -5.61855250e-15,
        -2.22218060e-14, -6.84479803e-14, -1.64198177e-13,
        -3.06762563e-13, -4.46336924e-13, -5.05766002e-13,
        -4.46336924e-13, -3.06762563e-13, -1.64198177e-13,
        -6.84479803e-14, -2.22218060e-14, -5.61855250e-15,
        -1.10635865e-15, -1.69665583e-16],
       [-1.50182395e-19, -9.79312155e-19, -4.97335767e-18,
        -1.96700125e-17, -6.05878961e-17, -1.45342807e-16,
        -2.71536131e-16, -3.95082742e-16, -4.47687406e-16,
        -3.95082742e-16, -2.71536131e-16, -1.45342807e-16,
        -6.05878961e-17, -1.96700125e-17, -4.97335767e-18,
        -9.79312155e-19, -1.50182395e-19]], dtype=float32), array([[ 2.86878258e-01, -2.01129317e-01, -2.17403427e-01,
         1.61329910e-01, -1.17771365e-02, -3.51620442e-03,
         3.18518694e-04],
       [-2.01129317e-01,  1.00130355e+00, -5.46726167e-01,
        -4.60243076e-01,  2.65988052e-01, -1.51221426e-02,
        -3.51620442e-03],
       [-2.17403427e-01, -5.46726167e-01,  2.11975956e+00,
        -9.01399076e-01, -5.90963840e-01,  2.65988052e-01,
        -1.17771365e-02],
       [ 1.61329910e-01, -4.60243076e-01, -9.01399076e-01,
         2.72182512e+00, -9.01399076e-01, -4.60243076e-01,
         1.61329910e-01],
       [-1.17771365e-02,  2.65988052e-01, -5.90963840e-01,
        -9.01399076e-01,  2.11975956e+00, -5.46726167e-01,
        -2.17403427e-01],
       [-3.51620442e-03, -1.51221426e-02,  2.65988052e-01,
        -4.60243076e-01, -5.46726167e-01,  1.00130355e+00,
        -2.01129317e-01],
       [ 3.18518694e-04, -3.51620442e-03, -1.17771365e-02,
         1.61329910e-01, -2.17403427e-01, -2.01129317e-01,
         2.86878258e-01]], dtype=float32), array([[ 6.09461516e-02, -5.48652858e-02, -7.61486664e-02,
         7.25578442e-02, -6.80115726e-03, -2.60729901e-03,
         3.03267094e-04, -2.18566788e-06, -3.05552561e-07],
       [-5.48652858e-02,  3.50720853e-01, -2.45889142e-01,
        -2.65784949e-01,  1.97232664e-01, -1.43980505e-02,
        -4.29870933e-03,  3.89402645e-04, -2.18566788e-06],
       [-7.61486664e-02, -2.45889142e-01,  1.22413623e+00,
        -6.68395996e-01, -5.62666714e-01,  3.25181693e-01,
        -1.84874628e-02, -4.29870933e-03,  3.03267094e-04],
       [ 7.25578442e-02, -2.65784949e-01, -6.68395996e-01,
         2.59149623e+00, -1.10199869e+00, -7.22478449e-01,
         3.25181693e-01, -1.43980505e-02, -2.60729901e-03],
       [-6.80115726e-03,  1.97232664e-01, -5.62666714e-01,
        -1.10199869e+00,  3.32754707e+00, -1.10199869e+00,
        -5.62666714e-01,  1.97232664e-01, -6.80115726e-03],
       [-2.60729901e-03, -1.43980505e-02,  3.25181693e-01,
        -7.22478449e-01, -1.10199869e+00,  2.59149623e+00,
        -6.68395996e-01, -2.65784949e-01,  7.25578442e-02],
       [ 3.03267094e-04, -4.29870933e-03, -1.84874628e-02,
         3.25181693e-01, -5.62666714e-01, -6.68395996e-01,
         1.22413623e+00, -2.45889142e-01, -7.61486664e-02],
       [-2.18566788e-06,  3.89402645e-04, -4.29870933e-03,
        -1.43980505e-02,  1.97232664e-01, -2.65784949e-01,
        -2.45889142e-01,  3.50720853e-01, -5.48652858e-02],
       [-3.05552561e-07, -2.18566788e-06,  3.03267094e-04,
        -2.60729901e-03, -6.80115726e-03,  7.25578442e-02,
        -7.61486664e-02, -5.48652858e-02,  6.09461516e-02]], dtype=float32), array([[ 6.5825307e-03, -7.6088291e-03, -1.3559888e-02,  1.6590208e-02,
        -1.9967509e-03, -9.8289154e-04,  1.4679579e-04, -1.3584577e-06,
        -2.4384929e-07,  4.5497708e-09,  7.0585871e-13],
       [-7.6088291e-03,  6.2453311e-02, -5.6222070e-02, -7.8031771e-02,
         7.4352153e-02, -6.9693457e-03, -2.6717759e-03,  3.1076669e-04,
        -2.2397180e-06, -3.1310867e-07,  4.5497708e-09],
       [-1.3559888e-02, -5.6222070e-02,  3.5939398e-01, -2.5196981e-01,
        -2.7235764e-01,  2.0211011e-01, -1.4754104e-02, -4.4050138e-03,
         3.9903232e-04, -2.2397180e-06, -2.4384929e-07],
       [ 1.6590208e-02, -7.8031771e-02, -2.5196981e-01,  1.2544082e+00,
        -6.8492502e-01, -5.7658112e-01,  3.3322322e-01, -1.8944645e-02,
        -4.4050138e-03,  3.1076669e-04, -1.3584577e-06],
       [-1.9967509e-03,  7.4352153e-02, -2.7235764e-01, -6.8492502e-01,
         2.6555824e+00, -1.1292504e+00, -7.4034488e-01,  3.3322322e-01,
        -1.4754104e-02, -2.6717759e-03,  1.4679579e-04],
       [-9.8289154e-04, -6.9693457e-03,  2.0211011e-01, -5.7658112e-01,
        -1.1292504e+00,  3.4098351e+00, -1.1292504e+00, -5.7658112e-01,
         2.0211011e-01, -6.9693457e-03, -9.8289154e-04],
       [ 1.4679579e-04, -2.6717759e-03, -1.4754104e-02,  3.3322322e-01,
        -7.4034488e-01, -1.1292504e+00,  2.6555824e+00, -6.8492502e-01,
        -2.7235764e-01,  7.4352153e-02, -1.9967509e-03],
       [-1.3584577e-06,  3.1076669e-04, -4.4050138e-03, -1.8944645e-02,
         3.3322322e-01, -5.7658112e-01, -6.8492502e-01,  1.2544082e+00,
        -2.5196981e-01, -7.8031771e-02,  1.6590208e-02],
       [-2.4384929e-07, -2.2397180e-06,  3.9903232e-04, -4.4050138e-03,
        -1.4754104e-02,  2.0211011e-01, -2.7235764e-01, -2.5196981e-01,
         3.5939398e-01, -5.6222070e-02, -1.3559888e-02],
       [ 4.5497708e-09, -3.1310867e-07, -2.2397180e-06,  3.1076669e-04,
        -2.6717759e-03, -6.9693457e-03,  7.4352153e-02, -7.8031771e-02,
        -5.6222070e-02,  6.2453311e-02, -7.6088291e-03],
       [ 7.0585871e-13,  4.5497708e-09, -2.4384929e-07, -1.3584577e-06,
         1.4679579e-04, -9.8289154e-04, -1.9967509e-03,  1.6590208e-02,
        -1.3559888e-02, -7.6088291e-03,  6.5825307e-03]], dtype=float32), array([[ 4.21118340e-04, -6.25032699e-04, -1.43025885e-03,
         2.24690116e-03, -3.47239926e-04, -2.19474940e-04,
         4.20888064e-05, -5.00118290e-07, -1.15271440e-07,
         2.76161649e-09,  5.50129929e-13, -2.09864542e-13,
         6.31916490e-16],
       [-6.25032699e-04,  6.58739917e-03, -7.61445705e-03,
        -1.35699175e-02,  1.66024789e-02, -1.99822779e-03,
        -9.83618433e-04,  1.46904364e-04, -1.35946243e-06,
        -2.44029650e-07,  4.55313609e-09,  7.06380809e-13,
        -2.09864542e-13],
       [-1.43025885e-03, -7.61445705e-03,  6.24995045e-02,
        -5.62636554e-02, -7.80894905e-02,  7.44071454e-02,
        -6.97450060e-03, -2.67375191e-03,  3.10996547e-04,
        -2.24137466e-06, -3.13340252e-07,  4.55313609e-09,
         5.50129929e-13],
       [ 2.24690116e-03, -1.35699175e-02, -5.62636554e-02,
         3.59659791e-01, -2.52156198e-01, -2.72559077e-01,
         2.02259600e-01, -1.47650177e-02, -4.40827198e-03,
         3.99327459e-04, -2.24137466e-06, -2.44029650e-07,
         2.76161649e-09],
       [-3.47239926e-04,  1.66024789e-02, -7.80894905e-02,
        -2.52156198e-01,  1.25533605e+00, -6.85431600e-01,
        -5.77007592e-01,  3.33469689e-01, -1.89586580e-02,
        -4.40827198e-03,  3.10996547e-04, -1.35946243e-06,
        -1.15271440e-07],
       [-2.19474940e-04, -1.99822779e-03,  7.44071454e-02,
        -2.72559077e-01, -6.85431600e-01,  2.65754652e+00,
        -1.13008571e+00, -7.40892470e-01,  3.33469689e-01,
        -1.47650177e-02, -2.67375191e-03,  1.46904364e-04,
        -5.00118290e-07],
       [ 4.20888064e-05, -9.83618433e-04, -6.97450060e-03,
         2.02259600e-01, -5.77007592e-01, -1.13008571e+00,
         3.41235733e+00, -1.13008571e+00, -5.77007592e-01,
         2.02259600e-01, -6.97450060e-03, -9.83618433e-04,
         4.20888064e-05],
       [-5.00118290e-07,  1.46904364e-04, -2.67375191e-03,
        -1.47650177e-02,  3.33469689e-01, -7.40892470e-01,
        -1.13008571e+00,  2.65754652e+00, -6.85431600e-01,
        -2.72559077e-01,  7.44071454e-02, -1.99822779e-03,
        -2.19474940e-04],
       [-1.15271440e-07, -1.35946243e-06,  3.10996547e-04,
        -4.40827198e-03, -1.89586580e-02,  3.33469689e-01,
        -5.77007592e-01, -6.85431600e-01,  1.25533605e+00,
        -2.52156198e-01, -7.80894905e-02,  1.66024789e-02,
        -3.47239926e-04],
       [ 2.76161649e-09, -2.44029650e-07, -2.24137466e-06,
         3.99327459e-04, -4.40827198e-03, -1.47650177e-02,
         2.02259600e-01, -2.72559077e-01, -2.52156198e-01,
         3.59659791e-01, -5.62636554e-02, -1.35699175e-02,
         2.24690116e-03],
       [ 5.50129929e-13,  4.55313609e-09, -3.13340252e-07,
        -2.24137466e-06,  3.10996547e-04, -2.67375191e-03,
        -6.97450060e-03,  7.44071454e-02, -7.80894905e-02,
        -5.62636554e-02,  6.24995045e-02, -7.61445705e-03,
        -1.43025885e-03],
       [-2.09864542e-13,  7.06380809e-13,  4.55313609e-09,
        -2.44029650e-07, -1.35946243e-06,  1.46904364e-04,
        -9.83618433e-04, -1.99822779e-03,  1.66024789e-02,
        -1.35699175e-02, -7.61445705e-03,  6.58739917e-03,
        -6.25032699e-04],
       [ 6.31916490e-16, -2.09864542e-13,  5.50129929e-13,
         2.76161649e-09, -1.15271440e-07, -5.00118290e-07,
         4.20888064e-05, -2.19474940e-04, -3.47239926e-04,
         2.24690116e-03, -1.43025885e-03, -6.25032699e-04,
         4.21118340e-04]], dtype=float32), array([[ 1.6327447e-05, -3.1116484e-05, -9.1427326e-05,  1.8442464e-04,
        -3.6596393e-05, -2.9700734e-05,  7.3134529e-06, -1.1158407e-07,
        -3.3023632e-08,  1.0158746e-09,  2.5984575e-13, -1.2728085e-13,
         4.9210438e-16,  2.5195583e-19, -1.7125492e-21],
       [-3.1116484e-05,  4.2109040e-04, -6.2499125e-04, -1.4301640e-03,
         2.2467521e-03, -3.4721690e-04, -2.1946039e-04,  4.2086016e-05,
        -5.0008509e-07, -1.1526380e-07,  2.7614335e-09,  5.5009345e-13,
        -2.0985064e-13,  6.3187456e-16,  2.5195583e-19],
       [-9.1427326e-05, -6.2499125e-04,  6.5869624e-03, -7.6139523e-03,
        -1.3569018e-02,  1.6601378e-02, -1.9980953e-03, -9.8355324e-04,
         1.4689463e-04, -1.3593723e-06, -2.4401348e-07,  4.5528341e-09,
         7.0633397e-13, -2.0985064e-13,  4.9210438e-16],
       [ 1.8442464e-04, -1.4301640e-03, -7.6139523e-03,  6.2495362e-02,
        -5.6259923e-02, -7.8084312e-02,  7.4402213e-02, -6.9740382e-03,
        -2.6735747e-03,  3.1097591e-04, -2.2412260e-06, -3.1331948e-07,
         4.5528341e-09,  5.5009345e-13, -1.2728085e-13],
       [-3.6596393e-05,  2.2467521e-03, -1.3569018e-02, -5.6259923e-02,
         3.5963595e-01, -2.5213948e-01, -2.7254102e-01,  2.0224619e-01,
        -1.4764039e-02, -4.4079795e-03,  3.9930100e-04, -2.2412260e-06,
        -2.4401348e-07,  2.7614335e-09,  2.5984575e-13],
       [-2.9700734e-05, -3.4721690e-04,  1.6601378e-02, -7.8084312e-02,
        -2.5213948e-01,  1.2552528e+00, -6.8538618e-01, -5.7696933e-01,
         3.3344758e-01, -1.8957401e-02, -4.4079795e-03,  3.1097591e-04,
        -1.3593723e-06, -1.1526380e-07,  1.0158746e-09],
       [ 7.3134529e-06, -2.1946039e-04, -1.9980953e-03,  7.4402213e-02,
        -2.7254102e-01, -6.8538618e-01,  2.6573703e+00, -1.1300107e+00,
        -7.4084330e-01,  3.3344758e-01, -1.4764039e-02, -2.6735747e-03,
         1.4689463e-04, -5.0008509e-07, -3.3023632e-08],
       [-1.1158407e-07,  4.2086016e-05, -9.8355324e-04, -6.9740382e-03,
         2.0224619e-01, -5.7696933e-01, -1.1300107e+00,  3.4121311e+00,
        -1.1300107e+00, -5.7696933e-01,  2.0224619e-01, -6.9740382e-03,
        -9.8355324e-04,  4.2086016e-05, -1.1158407e-07],
       [-3.3023632e-08, -5.0008509e-07,  1.4689463e-04, -2.6735747e-03,
        -1.4764039e-02,  3.3344758e-01, -7.4084330e-01, -1.1300107e+00,
         2.6573703e+00, -6.8538618e-01, -2.7254102e-01,  7.4402213e-02,
        -1.9980953e-03, -2.1946039e-04,  7.3134529e-06],
       [ 1.0158746e-09, -1.1526380e-07, -1.3593723e-06,  3.1097591e-04,
        -4.4079795e-03, -1.8957401e-02,  3.3344758e-01, -5.7696933e-01,
        -6.8538618e-01,  1.2552528e+00, -2.5213948e-01, -7.8084312e-02,
         1.6601378e-02, -3.4721690e-04, -2.9700734e-05],
       [ 2.5984575e-13,  2.7614335e-09, -2.4401348e-07, -2.2412260e-06,
         3.9930100e-04, -4.4079795e-03, -1.4764039e-02,  2.0224619e-01,
        -2.7254102e-01, -2.5213948e-01,  3.5963595e-01, -5.6259923e-02,
        -1.3569018e-02,  2.2467521e-03, -3.6596393e-05],
       [-1.2728085e-13,  5.5009345e-13,  4.5528341e-09, -3.1331948e-07,
        -2.2412260e-06,  3.1097591e-04, -2.6735747e-03, -6.9740382e-03,
         7.4402213e-02, -7.8084312e-02, -5.6259923e-02,  6.2495362e-02,
        -7.6139523e-03, -1.4301640e-03,  1.8442464e-04],
       [ 4.9210438e-16, -2.0985064e-13,  7.0633397e-13,  4.5528341e-09,
        -2.4401348e-07, -1.3593723e-06,  1.4689463e-04, -9.8355324e-04,
        -1.9980953e-03,  1.6601378e-02, -1.3569018e-02, -7.6139523e-03,
         6.5869624e-03, -6.2499125e-04, -9.1427326e-05],
       [ 2.5195583e-19,  6.3187456e-16, -2.0985064e-13,  5.5009345e-13,
         2.7614335e-09, -1.1526380e-07, -5.0008509e-07,  4.2086016e-05,
        -2.1946039e-04, -3.4721690e-04,  2.2467521e-03, -1.4301640e-03,
        -6.2499125e-04,  4.2109040e-04, -3.1116484e-05],
       [-1.7125492e-21,  2.5195583e-19,  4.9210438e-16, -1.2728085e-13,
         2.5984575e-13,  1.0158746e-09, -3.3023632e-08, -1.1158407e-07,
         7.3134529e-06, -2.9700734e-05, -3.6596393e-05,  1.8442464e-04,
        -9.1427326e-05, -3.1116484e-05,  1.6327447e-05]], dtype=float32), array([[ 3.8398272e-07, -9.3963138e-07, -3.5450034e-06,  9.1819147e-06,
        -2.3395166e-06, -2.4379717e-06,  7.7082819e-07, -1.5101181e-08,
        -5.7386162e-09,  2.2667107e-10,  7.4446654e-14, -4.6823758e-14,
         2.3245244e-16,  1.5281813e-19, -1.3337278e-21,  8.2483967e-25,
         1.8146936e-28],
       [-9.3963138e-07,  1.6327360e-05, -3.1116320e-05, -9.1426846e-05,
         1.8442367e-04, -3.6596197e-05, -2.9700575e-05,  7.3134142e-06,
        -1.1158348e-07, -3.3023454e-08,  1.0158693e-09,  2.5984436e-13,
        -1.2728017e-13,  4.9210179e-16,  2.5195448e-19, -1.7125401e-21,
         8.2483967e-25],
       [-3.5450034e-06, -3.1116320e-05,  4.2108819e-04, -6.2498794e-04,
        -1.4301564e-03,  2.2467403e-03, -3.4721507e-04, -2.1945922e-04,
         4.2085794e-05, -5.0008248e-07, -1.1526319e-07,  2.7614189e-09,
         5.5009052e-13, -2.0984953e-13,  6.3187123e-16,  2.5195448e-19,
        -1.3337278e-21],
       [ 9.1819147e-06, -9.1426846e-05, -6.2498794e-04,  6.5869275e-03,
        -7.6139118e-03, -1.3568946e-02,  1.6601289e-02, -1.9980848e-03,
        -9.8354800e-04,  1.4689384e-04, -1.3593650e-06, -2.4401217e-07,
         4.5528101e-09,  7.0633023e-13, -2.0984953e-13,  4.9210179e-16,
         1.5281813e-19],
       [-2.3395166e-06,  1.8442367e-04, -1.4301564e-03, -7.6139118e-03,
         6.2495030e-02, -5.6259625e-02, -7.8083895e-02,  7.4401818e-02,
        -6.9740014e-03, -2.6735605e-03,  3.1097428e-04, -2.2412141e-06,
        -3.1331783e-07,  4.5528101e-09,  5.5009052e-13, -1.2728017e-13,
         2.3245244e-16],
       [-2.4379717e-06, -3.6596197e-05,  2.2467403e-03, -1.3568946e-02,
        -5.6259625e-02,  3.5963404e-01, -2.5213814e-01, -2.7253959e-01,
         2.0224512e-01, -1.4763961e-02, -4.4079563e-03,  3.9929888e-04,
        -2.2412141e-06, -2.4401217e-07,  2.7614189e-09,  2.5984436e-13,
        -4.6823758e-14],
       [ 7.7082819e-07, -2.9700575e-05, -3.4721507e-04,  1.6601289e-02,
        -7.8083895e-02, -2.5213814e-01,  1.2552463e+00, -6.8538254e-01,
        -5.7696629e-01,  3.3344582e-01, -1.8957300e-02, -4.4079563e-03,
         3.1097428e-04, -1.3593650e-06, -1.1526319e-07,  1.0158693e-09,
         7.4446654e-14],
       [-1.5101181e-08,  7.3134142e-06, -2.1945922e-04, -1.9980848e-03,
         7.4401818e-02, -2.7253959e-01, -6.8538254e-01,  2.6573563e+00,
        -1.1300048e+00, -7.4083942e-01,  3.3344582e-01, -1.4763961e-02,
        -2.6735605e-03,  1.4689384e-04, -5.0008248e-07, -3.3023454e-08,
         2.2667107e-10],
       [-5.7386162e-09, -1.1158348e-07,  4.2085794e-05, -9.8354800e-04,
        -6.9740014e-03,  2.0224512e-01, -5.7696629e-01, -1.1300048e+00,
         3.4121130e+00, -1.1300048e+00, -5.7696629e-01,  2.0224512e-01,
        -6.9740014e-03, -9.8354800e-04,  4.2085794e-05, -1.1158348e-07,
        -5.7386162e-09],
       [ 2.2667107e-10, -3.3023454e-08, -5.0008248e-07,  1.4689384e-04,
        -2.6735605e-03, -1.4763961e-02,  3.3344582e-01, -7.4083942e-01,
        -1.1300048e+00,  2.6573563e+00, -6.8538254e-01, -2.7253959e-01,
         7.4401818e-02, -1.9980848e-03, -2.1945922e-04,  7.3134142e-06,
        -1.5101181e-08],
       [ 7.4446654e-14,  1.0158693e-09, -1.1526319e-07, -1.3593650e-06,
         3.1097428e-04, -4.4079563e-03, -1.8957300e-02,  3.3344582e-01,
        -5.7696629e-01, -6.8538254e-01,  1.2552463e+00, -2.5213814e-01,
        -7.8083895e-02,  1.6601289e-02, -3.4721507e-04, -2.9700575e-05,
         7.7082819e-07],
       [-4.6823758e-14,  2.5984436e-13,  2.7614189e-09, -2.4401217e-07,
        -2.2412141e-06,  3.9929888e-04, -4.4079563e-03, -1.4763961e-02,
         2.0224512e-01, -2.7253959e-01, -2.5213814e-01,  3.5963404e-01,
        -5.6259625e-02, -1.3568946e-02,  2.2467403e-03, -3.6596197e-05,
        -2.4379717e-06],
       [ 2.3245244e-16, -1.2728017e-13,  5.5009052e-13,  4.5528101e-09,
        -3.1331783e-07, -2.2412141e-06,  3.1097428e-04, -2.6735605e-03,
        -6.9740014e-03,  7.4401818e-02, -7.8083895e-02, -5.6259625e-02,
         6.2495030e-02, -7.6139118e-03, -1.4301564e-03,  1.8442367e-04,
        -2.3395166e-06],
       [ 1.5281813e-19,  4.9210179e-16, -2.0984953e-13,  7.0633023e-13,
         4.5528101e-09, -2.4401217e-07, -1.3593650e-06,  1.4689384e-04,
        -9.8354800e-04, -1.9980848e-03,  1.6601289e-02, -1.3568946e-02,
        -7.6139118e-03,  6.5869275e-03, -6.2498794e-04, -9.1426846e-05,
         9.1819147e-06],
       [-1.3337278e-21,  2.5195448e-19,  6.3187123e-16, -2.0984953e-13,
         5.5009052e-13,  2.7614189e-09, -1.1526319e-07, -5.0008248e-07,
         4.2085794e-05, -2.1945922e-04, -3.4721507e-04,  2.2467403e-03,
        -1.4301564e-03, -6.2498794e-04,  4.2108819e-04, -3.1116320e-05,
        -3.5450034e-06],
       [ 8.2483967e-25, -1.7125401e-21,  2.5195448e-19,  4.9210179e-16,
        -1.2728017e-13,  2.5984436e-13,  1.0158693e-09, -3.3023454e-08,
        -1.1158348e-07,  7.3134142e-06, -2.9700575e-05, -3.6596197e-05,
         1.8442367e-04, -9.1426846e-05, -3.1116320e-05,  1.6327360e-05,
        -9.3963138e-07],
       [ 1.8146936e-28,  8.2483967e-25, -1.3337278e-21,  1.5281813e-19,
         2.3245244e-16, -4.6823758e-14,  7.4446654e-14,  2.2667107e-10,
        -5.7386162e-09, -1.5101181e-08,  7.7082819e-07, -2.4379717e-06,
        -2.3395166e-06,  9.1819147e-06, -3.5450034e-06, -9.3963138e-07,
         3.8398272e-07]], dtype=float32)]
02:00:26 ->GaborFaceUI|变量变更 ―>

[[[62 62 62]
  [77 77 77]
  [68 68 68]
  ...
  [57 57 57]
  [45 45 45]
  [17 17 17]]

 [[62 62 62]
  [81 81 81]
  [75 75 75]
  ...
  [55 55 55]
  [44 44 44]
  [17 17 17]]

 [[63 63 63]
  [82 82 82]
  [77 77 77]
  ...
  [57 57 57]
  [43 43 43]
  [16 16 16]]

 ...

 [[37 37 37]
  [37 37 37]
  [21 21 21]
  ...
  [51 51 51]
  [36 36 36]
  [14 14 14]]

 [[36 36 36]
  [36 36 36]
  [20 20 20]
  ...
  [48 48 48]
  [38 38 38]
  [15 15 15]]

 [[37 37 37]
  [37 37 37]
  [20 20 20]
  ...
  [48 48 48]
  [38 38 38]
  [15 15 15]]]
02:00:27 ->GaborImgPre|变量变更 ―>

[[62 77 68 ... 57 45 17]
 [62 81 75 ... 55 44 17]
 [63 82 77 ... 57 43 16]
 ...
 [37 37 21 ... 51 36 14]
 [36 36 20 ... 48 38 15]
 [37 37 20 ... 48 38 15]]
02:00:27 ->GaborKenel|变量变更 ―>

[[[70.69696   70.69696   70.69696  ]
  [52.14939   52.14939   52.14939  ]
  [54.177982  54.177982  54.177982 ]
  ...
  [34.65758   34.65758   34.65758  ]
  [34.94915   34.94915   34.94915  ]
  [41.600975  41.600975  41.600975 ]]

 [[52.90222   52.90222   52.90222  ]
  [68.8993    68.8993    68.8993   ]
  [54.819313  54.819313  54.819313 ]
  ...
  [36.18042   36.18042   36.18042  ]
  [46.789566  46.789566  46.789566 ]
  [31.07123   31.07123   31.07123  ]]

 [[53.912773  53.912773  53.912773 ]
  [54.277603  54.277603  54.277603 ]
  [65.007774  65.007774  65.007774 ]
  ...
  [53.69541   53.69541   53.69541  ]
  [32.64419   32.64419   32.64419  ]
  [31.929523  31.929523  31.929523 ]]

 ...

 [[30.748825  30.748825  30.748825 ]
  [13.967732  13.967732  13.967732 ]
  [12.325981  12.325981  12.325981 ]
  ...
  [33.929466  33.929466  33.929466 ]
  [43.669388  43.669388  43.669388 ]
  [29.608456  29.608456  29.608456 ]]

 [[16.876373  16.876373  16.876373 ]
  [25.949154  25.949154  25.949154 ]
  [12.156358  12.156358  12.156358 ]
  ...
  [45.846905  45.846905  45.846905 ]
  [36.48854   36.48854   36.48854  ]
  [29.870398  29.870398  29.870398 ]]

 [[28.42362   28.42362   28.42362  ]
  [14.0922785 14.0922785 14.0922785]
  [15.965273  15.965273  15.965273 ]
  ...
  [31.954615  31.954615  31.954615 ]
  [31.362574  31.362574  31.362574 ]
  [35.051086  35.051086  35.051086 ]]]
02:00:28 ->GaborKenel|变量变更 ―>

池化后结果-> [[[0.23137255 0.23137255 0.23137255]
  [0.23137255 0.23137255 0.23137255]
  [0.23137255 0.23137255 0.23137255]
  ...
  [0.13725491 0.13725491 0.13725491]
  [0.13725491 0.13725491 0.13725491]
  [0.16314107 0.16314107 0.16314107]]

 [[0.22745098 0.22745098 0.22745098]
  [0.22745098 0.22745098 0.22745098]
  [0.22745098 0.22745098 0.22745098]
  ...
  [0.15686275 0.15686275 0.15686275]
  [0.15686275 0.15686275 0.15686275]
  [0.12184796 0.12184796 0.12184796]]

 [[0.22352941 0.22352941 0.22352941]
  [0.22352941 0.22352941 0.22352941]
  [0.22352941 0.22352941 0.22352941]
  ...
  [0.16470589 0.16470589 0.16470589]
  [0.16470589 0.16470589 0.16470589]
  [0.12521382 0.12521382 0.12521382]]

 ...

 [[0.07450981 0.07450981 0.07450981]
  [0.07450981 0.07450981 0.07450981]
  [0.07450981 0.07450981 0.07450981]
  ...
  [0.15686275 0.15686275 0.15686275]
  [0.15686275 0.15686275 0.15686275]
  [0.11611159 0.11611159 0.11611159]]

 [[0.07058824 0.07058824 0.07058824]
  [0.07058824 0.07058824 0.07058824]
  [0.07058824 0.07058824 0.07058824]
  ...
  [0.14901961 0.14901961 0.14901961]
  [0.14901961 0.14901961 0.14901961]
  [0.11713881 0.11713881 0.11713881]]

 [[0.07450981 0.07450981 0.07450981]
  [0.07450981 0.07450981 0.07450981]
  [0.07450981 0.07450981 0.07450981]
  ...
  [0.13725491 0.13725491 0.13725491]
  [0.13725491 0.13725491 0.13725491]
  [0.13745524 0.13745524 0.13745524]]]
02:00:28 ->GaborDiscriminatr|变量变更 ―>

预测的直接返回值[[9.75233018e-01 1.26724457e-02 7.78649846e-05 1.14017602e-15
  1.17926579e-02 1.04434466e-05 5.33697211e-08 1.17074234e-14
  1.32811429e-09 1.06356763e-08 2.43788618e-15 3.65006012e-11
  9.40163711e-11 2.12271480e-04 1.04713838e-08 1.24703615e-06
  1.46236287e-11 2.50207433e-09 9.18147822e-16 1.79893350e-10
  1.89185716e-11 5.09527032e-10 1.84568645e-11 1.21668314e-10]]
02:00:28 ->GaborDiscriminatr|变量变更 ―>

预测的处理返回值0
02:00:28 ->GaborFaceUI|变量变更 ―>

0
